Time,Temperature,dT_dt
0,143,0.000588494924231278
127.400000000001,143.1,0.000583941605839416
274.200000000004,143.2,0.00058697502421272
547.700000000004,143.3,0.000611733039701475
697.800000000003,143.4,0.000615574022776239
881.099999999999,143.5,0.000622200099552016
1028.9,143.6,0.000626664577784741
1215.9,143.7,0.000623324814560868
1342.3,143.8,0.000620462865297512
1416.9,143.9,0.000609923454606447
1636.2,144,0.000629425649095201
1814,144.1,0.000638467677573823
1974.4,144.2,0.000648172154524242
2306.3,144.3,0.000690798563138989
2471.4,144.4,0.0006992762490822
2628.1,144.5,0.000711237553342817
2799.6,144.6,0.000695482838960948
2931,144.7,0.000702222534321127
3084.1,144.8,0.000696257615317668
3277.3,144.9,0.000716024631247316
3398.5,145,0.000719890576632351
3552.4,145.1,0.000722778360015902
3681.5,145.2,0.000726216412490922
3817.1,145.3,0.000729660707770887
3946.8,145.4,0.000731796560556165
4095.5,145.5,0.000739289542749417
4220.4,145.6,0.000741949844190533
4424.5,145.7,0.000765960706215772
4565.7,145.8,0.000770475383311504
4696,145.9,0.000772857253265321
4813.7,146,0.000774503349726989
4946.5,146.1,0.000777937687191256
5060,146.2,0.000778482737145304
5201.5,146.3,0.000783085356303837
5331.5,146.4,0.000784129224496197
5440.1,146.5,0.000782136013452738
5675.3,146.6,0.000822672864135577
5779.1,146.7,0.000822909809084924
5956.6,146.8,0.000834585211150058
6070.5,146.9,0.000833576459800774
6176.7,147,0.000823689304394383
6319.5,147.1,0.00083633018315631
6435.5,147.2,0.000833541718763024
6558.1,147.3,0.00083559640693545
6679.8,147.4,0.00083994792322876
6800.8,147.5,0.000840583364855211
6916,147.6,0.000833958802435158
7035.6,147.7,0.000840124338402081
7161.5,147.8,0.000843276974322215
7283.8,147.9,0.000846560846560847
7396,148,0.000853460783476999
7517.4,148.1,0.00085157114876948
7629.1,148.2,0.000853169524784573
7755.5,148.3,0.000862849993528625
7882.1,148.4,0.000876693113575592
7997.2,148.5,0.00088016547110857
8106.4,148.6,0.000875426770550644
8209.5,148.7,0.000880514220304657
8353,148.8,0.0008899568370934
8469.8,148.9,0.000902486349893958
8604.8,149,0.000916800366720147
8710.9,149.1,0.000912991874372319
8834.9,149.2,0.000929324845499745
8951.6,149.3,0.000934404784152494
9060.9,149.4,0.000939937964094369
9180.1,149.5,0.000952244917392752
9314.2,149.6,0.000974326496809082
9416.2,149.7,0.000984639621898387
9533.2,149.8,0.000990442232456794
9646.3,149.9,0.00100406646920026
9739.4,150,0.00100341159943809
9866,150.1,0.000993541977148535
9973.3,150.2,0.00100852201099289
10073.4,150.3,0.00101564086938859
10163.4,150.4,0.00100877635428226
10269.5,150.5,0.00102254716498798
10391,150.6,0.00104613453290093
10480.9,150.7,0.00108742931709439
10600.3,150.8,0.00111464080699995
10685.9,150.9,0.0011101243339254
10786.3,151,0.00112492266156702
10901.5,151.1,0.00114266125807004
10987,151.2,0.00114626318202659
11092,151.3,0.00115821172110262
11188.7,151.4,0.00116049669258443
11280.4,151.5,0.00116265550517382
11366.9,151.6,0.001167474169634
11447.4,151.7,0.00117308933075254
11552.5,151.8,0.00118764845605701
11638.2,151.9,0.00119947223221783
11732.6,152,0.0011936022917164
11879,152.1,0.00124432277732844
11956.4,152.2,0.00123487280810077
12042.6,152.3,0.00124851738560459
12146,152.4,0.00126302494474266
12225.4,152.5,0.00125699201810069
12302.8,152.6,0.00126063662149385
12320.1,152.7,0.00121936349225704
12394.6,152.8,0.00121661901575522
12487.5,152.9,0.00122384041121037
12564.2,153,0.00122556529199094
12651.8,153.1,0.00124054087582186
12731.8,153.2,0.001232741617357
12818.8,153.3,0.00124370374976681
12912.1,153.4,0.0012564392511622
13000.6,153.5,0.00127567291746396
13080,153.6,0.00127380421629196
13152.3,153.7,0.00127064803049555
13236.5,153.8,0.00128081972462376
13305.6,153.9,0.00127526621182172
13408.2,154,0.00130539781998564
13486.3,154.1,0.00130599451482304
13576,154.2,0.00132934529744101
13644.5,154.3,0.00132564459468416
13729.5,154.4,0.0013437248051599
13816.5,154.5,0.00135538086202223
13889.3,154.6,0.00135354629128316
13960.3,154.7,0.00136668033347
14038.5,154.8,0.00137570504883753
14121.7,154.9,0.0013840830449827
14196.1,155,0.0013889853462046
14264,155.1,0.00138821406260845
14354.2,155.2,0.0014168319637291
14426.9,155.3,0.0014262283391571
14503.9,155.4,0.00144906535284742
14568.4,155.5,0.00143184421534937
14650.1,155.6,0.00145486287917363
14726.3,155.7,0.0014580447619742
14798,155.8,0.00146455770357352
14873.9,155.9,0.00149109073287109
14940.3,156,0.00147666863555818
15017.7,156.1,0.0014986886474335
15080.5,156.2,0.0015605493133583
15153.2,156.3,0.0015682584489924
15217.9,156.4,0.0015728216420258
15292.1,156.5,0.00160449257922182
15366.9,156.6,0.00161851582099215
15423.7,156.7,0.00161186331399098
15492.3,156.8,0.00160965794768612
15566.7,156.9,0.00162813415825465
15636,157,0.00163679515508634
15704.7,157.1,0.00164717509471257
15765.8,157.2,0.00165617754223253
15829.2,157.3,0.00165823729375674
15884.1,157.4,0.00164433116829729
15965.2,157.5,0.00168506192602579
16024.8,157.6,0.00168976005407232
16098,157.7,0.00170459388050796
16163.6,157.8,0.0017096939647803
16215.2,157.9,0.00170241743275452
16294.7,158,0.00174216027874564
16352.2,158.1,0.00172875788745787
16362.1,158.2,0.00165920026547204
16428.5,158.3,0.00166708343752604
16489.5,158.4,0.00167799312022821
16538.6,158.5,0.00166680556713059
16602.6,158.6,0.00167743017696888
16664.5,158.7,0.00167644593461861
16734.8,158.8,0.00169434090138936
16795.1,158.9,0.00171320884015761
16857.9,159,0.00171688556957679
16918.9,159.1,0.00172131852999397
16973.4,159.2,0.00172087420409568
17035.3,159.3,0.00172711571675302
17100.4,159.4,0.00173580975525083
17152.1,159.5,0.00173055291165527
17208.4,159.6,0.0017353579175705
17271.3,159.7,0.00175731482295053
17333.4,159.8,0.00175330937143859
17390,159.9,0.00177825197830532
17442.7,160,0.00175916967191487
17509.1,160.1,0.00178189593727726
17567.5,160.2,0.00178762960314622
17628.2,160.3,0.00180196414091361
17681.4,160.4,0.00179533213644524
17738.5,160.5,0.00181950509461426
17794.9,160.6,0.00179694519317161
17857.5,160.7,0.00182848784055586
17915.2,160.8,0.00183958793230317
17962.5,160.9,0.00183066361556064
18022.8,161,0.00183133412691146
18080.8,161.1,0.00184911242603551
18135.6,161.2,0.00184348787906719
18193.3,161.3,0.00194137060764901
18252.6,161.4,0.00195943960027431
18307.8,161.5,0.00197687061381833
18360.9,161.6,0.00198255352894528
18409.4,161.7,0.00196463654223969
18474.1,161.8,0.00199322304165836
18514.7,161.9,0.00198275007435313
18579.6,162,0.00202163145658546
18631.5,162.1,0.00201308505284348
18686.3,162.2,0.00202778059413972
18738.1,162.3,0.00202634245187437
18795.4,162.4,0.00201938610662358
18837.7,162.5,0.00202204023860075
18907.9,162.6,0.0020701790704896
18951.3,162.7,0.00204918032786885
19002.4,162.8,0.00206440957886044
19055,162.9,0.00202449640651888
19114.9,163,0.00204102459434636
19162.4,163.1,0.00202798620969378
19220.5,163.2,0.00204960032793605
19223.5,163.3,0.00197044334975369
19273.3,163.4,0.00196772924045651
19319.5,163.5,0.00197297030679687
19369.7,163.6,0.00196270853778214
19427.4,163.7,0.0019723865877712
19477.5,163.8,0.00198747888303686
19523.4,163.9,0.00198039409842558
19568.9,164,0.00198629456748436
19625,164.1,0.00198787396879038
19672.6,164.2,0.00198314328210213
19725.1,164.3,0.00200601805416249
19785.8,164.4,0.00202613716948638
19826.8,164.5,0.00201005025125628
19874,164.6,0.00201085863663785
19927.3,164.7,0.00203520911773685
19971.2,164.8,0.00203520911773685
20042.9,164.9,0.00207447360232341
20094.8,165,0.00208420175072947
20148.6,165.1,0.00210282830406896
20196.3,165.2,0.00211954217888936
20238.5,165.3,0.00210814799198903
20289.7,165.4,0.00212291688780385
20333.2,165.5,0.00211081794195251
20388.7,165.6,0.00213265088505013
20441.4,165.7,0.00215889464594127
20483.8,165.8,0.00216403375892665
20533.3,165.9,0.00216637781629117
20575.8,166,0.00216286363144804
20631.1,166.1,0.0021838829438742
20681.1,166.2,0.00219707788641107
20722.1,166.3,0.0021781746896101
20772.9,166.4,0.00222074172773707
20821.8,166.5,0.00221680336954113
20868.6,166.6,0.00224340998317443
20910,166.7,0.00222444666889112
20953.9,166.8,0.00223089793641941
21007,166.9,0.00226680267482715
21054.4,167,0.00226142017186793
21099.7,167.1,0.0022883295194508
21139.9,167.2,0.00228466986520447
21187.2,167.3,0.00229700241185254
21231.8,167.4,0.00229463056447912
21280.7,167.5,0.00232207128758854
21326.5,167.6,0.00232396002788752
21367.8,167.7,0.0023296447291788
21408,167.8,0.00233590282644241
21456.5,167.9,0.00236826524570752
21500.5,168,0.00237276070708269
21546.9,168.1,0.00240211386019698
21591.4,168.2,0.00240876791521136
21640.3,168.3,0.00243427458617332
21673.5,168.4,0.00243575691146024
21724,168.5,0.00246426811237063
21760.1,168.6,0.00244977951984321
21809.1,168.7,0.00247770069375618
21850.4,168.8,0.00248911014312383
21889.3,168.9,0.00249221183800623
21938.8,169,0.00252652854977262
21973.7,169.1,0.00252334090335605
22015.3,169.2,0.00255004462578097
22057.9,169.3,0.00258064516129032
22103.4,169.4,0.00260552371026577
22142,169.5,0.00261164794985635
22187.1,169.6,0.00264935753079878
22226.3,169.7,0.00266808964781217
22264.2,169.8,0.00268492415089276
22301,169.9,0.00269905533063428
22343.4,170,0.00272516691647363
22379.5,170.1,0.00275900124155055
22421.7,170.2,0.00276510438269046
22461.9,170.3,0.00281769512538742
22494.6,170.4,0.00280504908835905
22535.6,170.5,0.00284131268646114
22576.5,170.6,0.00287604256542996
22616.3,170.7,0.00291205591147352
22653.9,170.8,0.00291163196971902
22691.8,170.9,0.00293944738389182
22730.4,171,0.00302206104563311
22766.3,171.1,0.0030637254901961
22799.6,171.2,0.00307031010132023
22832.9,171.3,0.00308024025874017
22871,171.4,0.00310077519379845
22907.8,171.5,0.0031284217112467
22942,171.6,0.00313725490196078
22975.9,171.7,0.00316055625790138
23009.1,171.8,0.00319131961065899
23042,171.9,0.00319488817891374
23077.3,172,0.00325309043591414
23104.4,172.1,0.00320924261874199
23145,172.2,0.0032530904359141
23171.7,172.3,0.00322684737011942
23207.6,172.4,0.00327815112276673
23239.5,172.5,0.00328030178776445
23271.9,172.6,0.00329001480506661
23303.1,172.7,0.00330578512396694
23340.8,172.8,0.00335457900033547
23372.2,172.9,0.00338294993234102
23392.2,173,0.00332834082210022
23419.1,173.1,0.00331619963521801
23451,173.2,0.00332502078137988
23482.2,173.3,0.00344887049491295
23516,173.4,0.00336077970089062
23547.1,173.5,0.00339213025780187
23579.5,173.6,0.00353419332037462
23608.7,173.7,0.0035625222657642
23635.8,173.8,0.0036016567621106
23668,173.9,0.00363636363636364
23692.1,174,0.0036003600360036
23727.6,174.1,0.00365898280278079
23759.8,174.2,0.00366099212886695
23791.5,174.3,0.00367579489064511
23817.7,174.4,0.00369480879364496
23849.2,174.5,0.00371126368528488
23879.8,174.6,0.00373273609555807
23908.1,174.7,0.00374321542204752
23937,174.8,0.00376647834274953
23963.4,174.9,0.00374882849109653
23993.1,175,0.00375657400450788
24022.2,175.1,0.00376081233546449
24052.5,175.2,0.00381242851696532
24062.1,175.3,0.00371747211895911
24111.1,175.4,0.00385579332947751
24136.7,175.5,0.0038417210910488
24145.4,175.6,0.00371471025260029
24170.1,175.7,0.0037223152801042
24191.1,175.8,0.00367242012486225
24218,175.9,0.00368527731711808
24247.6,176,0.00371678126742237
24274.2,176.1,0.00374461711290022
24306.1,176.2,0.00378429517502365
24335.6,176.3,0.00384024577572963
24359,176.4,0.00380734818199122
24388.1,176.5,0.00385653682992668
24415.6,176.6,0.00387446726075161
24442.4,176.7,0.00388123423248591
24468,176.8,0.00391619345995689
24496.9,176.9,0.00391696043869958
24525.5,177,0.0039635354736425
24554,177.1,0.00399760143913649
24577.1,177.2,0.00398565165404541
24600.1,177.3,0.00398485754134289
24629.8,177.4,0.00403958796202789
24657.3,177.5,0.00406338886631453
24683.8,177.6,0.00408246580934883
24707.4,177.7,0.00420256356377389
24735.7,177.8,0.0042444821731749
24760.7,177.9,0.00424538314582892
24785.7,178,0.00428908428050615
24808.3,178.1,0.00431127398146151
24834.6,178.2,0.00430755976739175
24856.4,178.3,0.00428449014567264
24884.3,178.4,0.00436490615451771
24906.7,178.5,0.00436109899694724
24931.8,178.6,0.00435350457117979
24957.7,178.7,0.00441598586884528
24978.7,178.8,0.00440431622990539
25007.5,178.9,0.00447227191413234
25030.1,179,0.00449741398695753
25054.3,179.1,0.00453720508166974
25078.9,179.2,0.00454132606721169
25102,179.3,0.00459558823529407
25124.9,179.4,0.0046029919447641
25149.5,179.5,0.00467508181393179
25173.7,179.6,0.00464684014869895
25183.3,179.7,0.00457038391224864
25206.9,179.8,0.00454235748353392
25231.8,179.9,0.00461361014994241
25252,180,0.00464252553389048
25272.2,180.1,0.0046371435195919
25298.9,180.2,0.00474495848161329
25323.2,180.3,0.00479616306954436
25342.5,180.4,0.00477099236641216
25365.3,180.5,0.00481116189559774
25391.2,180.6,0.00489117143555889
25410.6,180.7,0.00489356496207491
25432.8,180.8,0.00494437577255871
25454.7,180.9,0.00499126528574997
25474.8,181,0.00497512437810945
25495.1,181.1,0.00504795557799095
25519.3,181.2,0.00504668180671205
25537.2,181.3,0.0050864699898271
25559.4,181.4,0.00511901714870749
25577.3,181.5,0.00508130081300805
25604.1,181.6,0.00519210799584635
25620.9,181.7,0.0052124055251499
25647.2,181.8,0.00530785562632692
25665.3,181.9,0.00532623169107856
25682.8,182,0.00532623169107856
25703.5,182.1,0.0053504547886572
25720.4,182.2,0.00536336819522669
25740.2,182.3,0.005401026194977
25761.7,182.4,0.005526388505112
25781,182.5,0.00553863195790653
25800.1,182.6,0.00555401277422929
25819.3,182.7,0.00560695262125017
25837.3,182.8,0.0056481219994351
25855.4,182.9,0.0056980056980057
25876.8,183,0.00577700751010957
25891.3,183.1,0.00577367205542711
25915.6,183.2,0.00592592592592593
25930.4,183.3,0.00589275191514447
25950.1,183.4,0.00598802395209581
25970.9,183.5,0.00607533414337794
25989.3,183.6,0.00611620795107034
26004.6,183.7,0.00636537237428395
26024,183.8,0.00653808434128813
26040.8,183.9,0.0065252854812398
26058.3,184,0.0065595277140044
26077.3,184.1,0.00666888962987643
26093.3,184.2,0.00672494956287808
26110.5,184.3,0.00676132521974334
26123.6,184.4,0.00675904021628909
26142.1,184.5,0.00687285223367698
26160.2,184.6,0.00696378830083573
26176,184.7,0.0069662138627658
26191.4,184.8,0.00701262272089769
26206.4,184.9,0.00696378830083573
26223,185,0.00706214689265544
26237.7,185.1,0.00709471443774403
26253.1,185.2,0.00722282412423235
26269.8,185.3,0.00721761097076852
26284.1,185.4,0.00725163161711377
26300.1,185.5,0.00739644970414177
26316.3,185.6,0.0074183976261126
26318.8,185.7,0.00709219858156028
26329.9,185.8,0.007072135785007
26347.3,185.9,0.00713775874375416
26363.2,186,0.00718907260963343
26377.2,186.1,0.0072700836059617
26390.7,186.2,0.00726480203414449
26406.3,186.3,0.00740192450036978
26419.5,186.4,0.00740466493891175
26433.1,186.5,0.00739644970414177
26447.4,186.6,0.00742115027829314
26463.1,186.7,0.00756715853197116
26476.6,186.8,0.00756715853197116
26493.6,186.9,0.00771010023130275
26506.2,187,0.00775494377665779
26519.6,187.1,0.00774293457220278
26530,187.2,0.00773993808049553
26546.9,187.3,0.00786163522012597
26559.9,187.4,0.00793021411578122
26570.5,187.5,0.00782166601486125
26585.9,187.6,0.00790826413602233
26600.8,187.7,0.00821692686935057
26612.7,187.8,0.00833680700291808
26627.5,187.9,0.00857265323617702
26641.4,188,0.00871839581517023
26652.3,188.1,0.0086355785837649
26666,188.2,0.00870322019147128
26676.5,188.3,0.00868809730668994
26689.6,188.4,0.00875656742556884
26703.5,188.5,0.00883782589483033
26716.9,188.6,0.00894854586129754
26727.4,188.7,0.00894054537326789
26740.9,188.8,0.0090785292782568
26753,188.9,0.00909090909090909
26764.1,189,0.00909918107370325
26777.9,189.1,0.00924214417744942
26788.4,189.2,0.00920810313075519
26801.3,189.3,0.00935891436593304
26812.1,189.4,0.00938967136150235
26826.2,189.5,0.00950118764845606
26838.8,189.6,0.00975134080936101
26844.2,189.7,0.00943841434639007
26852.6,189.8,0.00939849624060137
26860.8,189.9,0.00930665425779395
26870.8,190,0.0093327111525897
26883.9,190.1,0.00942951438000917
26895.8,190.2,0.00951927653498308
26906.7,190.3,0.00957854406130255
26918,190.4,0.00965717044905883
26929.8,190.5,0.00981836033382369
26940.4,190.6,0.00985221674876847
26951.1,190.7,0.00988630746416199
26961.2,190.8,0.00993048659384338
26973,190.9,0.010090817356206
26983.9,191,0.010085728693898
26994.3,191.1,0.0101574403250376
27005.6,191.2,0.0103680663556242
27015,191.3,0.0103573278094256
27025.1,191.4,0.0103145951521398
27036.7,191.5,0.0105097214923803
27043.9,191.6,0.0104493207941487
27056.1,191.7,0.0106951871657754
27065.4,191.8,0.0106044538706253
27075.7,191.9,0.0106780565936998
27085.1,192,0.0107353730542135
27096,192.1,0.0109950522264984
27105.9,192.2,0.010989010989011
27115.5,192.3,0.0109769484083427
27125.1,192.4,0.011025358324145
27133.5,192.5,0.0111049416990566
27143.4,192.6,0.0111234705228029
27153.4,192.7,0.0112866817155758
27162.6,192.8,0.0112994350282486
27171.2,192.9,0.0112866817155758
27182.2,193,0.011487650775417
27191.2,193.1,0.0115874855156437
27198.5,193.2,0.0118273211117688
27208.1,193.3,0.0121728545343881
27219,193.4,0.0124455507156194
27227,193.5,0.0125
27235.3,193.6,0.0125470514429102
27243.1,193.7,0.0125313283208015
27254,193.8,0.0127632418634335
27263,193.9,0.0127551020408173
27271.4,194,0.0128700128700134
27277.9,194.1,0.0127551020408161
27287.9,194.2,0.0129198966408266
27297.7,194.3,0.0131147540983607
27306.5,194.4,0.0135869565217394
27313.6,194.5,0.0132450331125828
27323.2,194.6,0.0134861766689141
27330.6,194.7,0.0135043889264005
27339.6,194.8,0.01368925393566
27348.4,194.9,0.0137646249139708
27356.3,195,0.0138312586445361
27363.8,195.1,0.0138121546961323
27367.6,195.2,0.0136054421768707
27372.4,195.3,0.0132714001327143
27379.7,195.4,0.0132714001327143
27387,195.5,0.0133333333333333
27394.7,195.6,0.01336898395722
27402.7,195.7,0.0135501355013558
27410.7,195.8,0.0136239782016346
27419.8,195.9,0.0137646249139708
27426.8,196,0.0137646249139708
27434.7,196.1,0.0138792505204727
27442.7,196.2,0.0138696255201112
27450.2,196.3,0.0141542816702049
27453.7,196.4,0.0137741046831959
27464.6,196.5,0.0141944641589771
27471.5,196.6,0.014513788098695
27478.7,196.7,0.014577259475219
27485.7,196.8,0.0144822592324412
27493.7,196.9,0.0148148148148148
27500.9,197,0.0146412884333815
27508.6,197.1,0.0148920327624718
27514.6,197.2,0.0148367952522252
27523.1,197.3,0.0150262960180309
27530.4,197.4,0.0149253731343284
27537,197.5,0.0149700598802405
27544.3,197.6,0.0151171579743005
27550.3,197.7,0.0151285930408459
27557.5,197.8,0.0153139356814712
27565.1,197.9,0.0153491941673059
27572.1,198,0.0153846153846154
27578.8,198.1,0.0154679040989942
27586.9,198.2,0.0156985871271593
27591.5,198.3,0.0154440154440154
27598.9,198.4,0.0155763239875396
27605.5,198.5,0.0157232704402519
27609.3,198.6,0.0154559505409572
27615.9,198.7,0.0155884645362428
27623.8,198.8,0.0156862745098039
27628.7,198.9,0.0155038759689922
27637.5,199,0.0158353127474282
27642.9,199.1,0.0158478605388276
27649.4,199.2,0.0158730158730159
27656.2,199.3,0.0161290322580645
27664.4,199.4,0.0162469536961812
27670.6,199.5,0.0163666121112934
27676.6,199.6,0.0161681487469689
27682.5,199.7,0.0161681487469689
27688.1,199.8,0.0161550888529883
27695.4,199.9,0.0163398692810465
27702.1,200,0.0164068908941744
27708.1,200.1,0.0165562913907281
27714.3,200.2,0.016625103906899
27721,200.3,0.0166805671392835
27727.3,200.4,0.0166805671392815
27732.7,200.5,0.016597510373444
27738.7,200.6,0.0167785234899333
27744.2,200.7,0.016652789342216
27751.3,200.8,0.0169779286926991
27757.7,200.9,0.0172265288544371
27763.8,201,0.0173460537727663
27769.1,201.1,0.0172860847018155
27775.4,201.2,0.0173611111111115
27780.2,201.3,0.0171969045571793
27787.5,201.4,0.0175438596491228
27792.8,201.5,0.0173761946133788
27800.3,201.6,0.0178890876565291
27806.2,201.7,0.0178253119429595
27811.9,201.8,0.0179856115107918
27817.8,201.9,0.0177777777777778
27824,202,0.0182149362477251
27828.9,202.1,0.0180995475113122
27834.6,202.2,0.0181159420289841
27840.9,202.3,0.0183402109172072
27847.2,202.4,0.0194552529182874
27853.2,202.5,0.0192492781520704
27857.9,202.6,0.0193986420950523
27864.3,202.7,0.0198019801980198
27869.1,202.8,0.0198609731876868
27873.8,202.9,0.0193050193050182
27879.1,203,0.0193423597678901
27884.8,203.1,0.0196850393700776
27890.6,203.2,0.0197823936696329
27896.5,203.3,0.0198019801980198
27901.5,203.4,0.02
27907.9,203.5,0.0202020202020202
27912.1,203.6,0.0200400801603201
27918.4,203.7,0.020283975659228
27923.1,203.8,0.0200803212851394
27930.3,203.9,0.0206398348813191
27933.8,204,0.0203252032520307
27939.4,204.1,0.0204081632653061
27945,204.2,0.020554984583764
27949.9499999716,204.3,0.0207361327051368
27950,204.4,0.0196463654223991
27957.1,204.5,0.0201612903225812
27961,204.6,0.0200601805416255
27965.3,204.7,0.0200200200200183
27969.8,204.8,0.0197823936696329
27977.4,204.9,0.0203873598368999
27982.5,205,0.0204708290685779
27986.4,205.1,0.020283975659228
27991.7,205.2,0.0203252032520337
27997.5,205.3,0.0207253886010363
28001.5,205.4,0.0204290091930554
28006.9,205.5,0.0206611570247928
28011.9,205.6,0.0205549845837609
28017,205.7,0.0207900207900214
28022.7,205.8,0.021030494216616
28027.2,205.9,0.021030494216616
28032.2,206,0.0212314225053085
28037.4,206.1,0.020855057351409
28042.3,206.2,0.0208116545265336
28046.4,206.3,0.0209643605870034
28051.8,206.4,0.0210526315789474
28056.3,206.5,0.0210526315789474
28060.7,206.6,0.0209643605870034
28065.2,206.7,0.0208116545265368
28070.9,206.8,0.0211864406779674
28075.5,206.9,0.0210526315789474
28080.2,207,0.0211864406779674
28085,207.1,0.0213219616204717
28090.1,207.2,0.021344717182498
28094,207.3,0.0214132762312647
28099.4,207.4,0.021505376344086
28103.7,207.5,0.021505376344086
28109.2,207.6,0.0218579234972678
28113.2,207.7,0.0216919739696319
28117.8,207.8,0.021668472372697
28122.3,207.9,0.0217155266015187
28126.4,208,0.0216216216216216
28133.3,208.1,0.0222469410456041
28138.4,208.2,0.0225733634311498
28141.8,208.3,0.0222469410456041
28146.8,208.4,0.0223964165733475
28151.3,208.5,0.0224971878515164
28156.1,208.6,0.022624434389138
28161.3,208.7,0.0227014755959122
28165.3,208.8,0.0226500566251408
28170.5,208.9,0.022909507445593
28174.6,209,0.0229095074455892
28178.8,209.1,0.0229357798165107
28183.8,209.2,0.0231481481481458
28187.4,209.3,0.0228832951945095
28192.4,209.4,0.0232018561484927
28196.7,209.5,0.0231481481481497
28200.7,209.6,0.0231749710312854
28205.4,209.7,0.0233100233100225
28210.1,209.8,0.0233644859813068
28214.4,209.9,0.0233372228704792
28218.9,210,0.0235294117647059
28223.2,210.1,0.023612750885479
28227,210.2,0.0234466588511169
28231.7,210.3,0.0236686390532544
28236.1,210.4,0.023752969121141
28240.2,210.5,0.0238095238095238
28244.5,210.6,0.023752969121141
28249.4,210.7,0.0239808153477235
28253.6,210.8,0.024213075060531
28257.8,210.9,0.0240384615384582
28261.9,211,0.0239520958083832
28266,211.1,0.0241545893719841
28270.2,211.2,0.0241837968561073
28274.8,211.3,0.0243309002433056
28278.6,211.4,0.0241545893719798
28283.1,211.5,0.0242424242424242
28287,211.6,0.0241837968561073
28291.2,211.7,0.0243013365735107
28295.7,211.8,0.0244498777506104
28300.1,211.9,0.0245398773006135
28303.9,212,0.0245700245700263
28307.9,212.1,0.0244200244200262
28312.3,212.2,0.0247524752475239
28316.2,212.3,0.0246305418719221
28320.3,212.4,0.024660912453759
28324.2,212.5,0.0246913580246914
28328.7,212.6,0.0247524752475239
28332.8,212.7,0.0247524752475239
28336.2,212.8,0.0244798041615676
28341,212.9,0.0248756218905491
28345.4,213,0.0247831474597283
28348.8,213.1,0.024968789013731
28352.9,213.2,0.0249066002490651
28357,213.3,0.0249687890137356
28361.4,213.4,0.0253164556962025
28365.6,213.5,0.025412960609912
28369.7,213.6,0.0253164556962025
28373.5,213.7,0.0260416666666706
28377.5,213.8,0.0260756192959593
28381.6,213.9,0.025974025974026
28385.3,214,0.025974025974026
28389.8,214.1,0.0261780104712012
28393.1,214.2,0.0260078023406993
28397.4,214.3,0.0260078023407042
28401.4,214.4,0.0265604249667984
28405.2,214.5,0.0260078023407042
28409.5,214.6,0.0261780104712062
28413.6,214.7,0.0265604249667984
28417.9,214.8,0.0266311584553907
28421.4,214.9,0.0265251989389941
28426.1,215,0.0267737617135218
28428.9,215.1,0.0263852242744053
28433.2,215.2,0.0266666666666667
28437.1,215.3,0.0267379679144375
28440.4,215.4,0.0265957446808521
28444.3,215.5,0.0264900662251656
28448.7,215.6,0.0267737617135218
28450.3,215.7,0.0258732212160404
28454.2,215.8,0.0259067357512963
28458.6,215.9,0.026246719160106
28462.3,216,0.026246719160101
28466.2,216.1,0.026246719160106
28470,216.2,0.0261437908496732
28474.3,216.3,0.0267022696929208
28476.7,216.4,0.0258397932816557
28482.1,216.5,0.0264900662251656
28485.9,216.6,0.0265251989389941
28488.9,216.7,0.0260078023407042
28493,216.8,0.0264200792602388
28496.8,216.9,0.0264550264550244
28500.8,217,0.0266311584553907
28504.7,217.1,0.0265604249667984
28508.2,217.2,0.0265604249667984
28511.9,217.3,0.0264900662251656
28515.6,217.4,0.0266666666666667
28519.8,217.5,0.0277392510402197
28523.4,217.6,0.0278551532033415
28527.6,217.7,0.0279329608938525
28531.4,217.8,0.0283687943262411
28534.8,217.9,0.0279329608938525
28538.5,218,0.0282087447108627
28542.4,218.1,0.0281293952180005
28546.5,218.2,0.0286532951289446
28549.2,218.3,0.027972027972028
28554.1,218.4,0.0284900284900297
28557.6,218.5,0.0284090909090874
28561.3,218.6,0.0284495021337115
28565.8,218.7,0.0287356321839056
28568.7,218.8,0.0284090909090933
28572.4,218.9,0.0286532951289386
28575.9,219,0.0285714285714286
28580,219.1,0.0289435600578908
28583.5,219.2,0.0289017341040475
28587.4,219.3,0.0290697674418592
28590.6,219.4,0.0287356321839056
28591.9,219.5,0.0278940027894014
28595.2,219.6,0.0277008310249319
28599.2,219.7,0.028011204481795
28601.9,219.8,0.027548209366389
28606.4,219.9,0.0277777777777778
28609.4,220,0.0279329608938525
28613.5,220.1,0.028050490883595
28616.3,220.2,0.0276243093922619
28620.7,220.3,0.028011204481795
28624.3,220.4,0.0282885431400236
28628,220.5,0.0282087447108627
28631.6,220.6,0.0282485875706203
28635.4,220.7,0.0286123032904173
28639.1,220.8,0.0284495021337115
28642.2,220.9,0.0284090909090933
28645.9,221,0.0284090909090933
28649.1,221.1,0.0284090909090874
28652.7,221.2,0.0285714285714286
28656.2,221.3,0.0286532951289386
28660.2,221.4,0.0288600288600276
28663.6,221.5,0.0290275761973838
28667.4,221.6,0.0291545189504348
28670.6,221.7,0.0291545189504348
28674.5,221.8,0.0294550810014753
28678.4,221.9,0.0293685756240797
28681,222,0.0291970802919708
28684.8,222.1,0.0286123032904113
28688.7,222.2,0.0289017341040475
28692.1,222.3,0.0288600288600276
28695,222.4,0.0288600288600337
28698.9,222.5,0.0291120815138295
28702.4,222.6,0.02902757619739
28705.3,222.7,0.0289435600578847
28709.4,222.8,0.0291545189504348
28712.6,222.9,0.029282576866763
28716.3,223,0.029498525073745
28719.5,223.1,0.0293255131964822
28722.7,223.2,0.0293255131964822
28726,223.3,0.0292397660818738
28729.5,223.4,0.0293255131964822
28732.5,223.5,0.029368575624086
28736,223.6,0.0294550810014753
28739.2,223.7,0.029542097488923
28742.4,223.8,0.0297176820208011
28746.5,223.9,0.0299850074962532
28749.5,224,0.0297176820208075
28754.7,224.1,0.0307692307692308
28757.9,224.2,0.0307692307692308
28761.4,224.3,0.0308641975308628
28764.3,224.4,0.0306748466257614
28767.6,224.5,0.0307692307692308
28771.3,224.6,0.0311041990668726
28774.4,224.7,0.0306748466257682
28778,224.8,0.0311041990668797
28780.9,224.9,0.0307219662058344
28784.1,225,0.0307219662058344
28787.7,225.1,0.0310559006211208
28790.9,225.2,0.0310077519379845
28794.4,225.3,0.03125
28797.7,225.4,0.03125
28800.6,225.5,0.0315457413249168
28803.9,225.6,0.0313971742543185
28806.9,225.7,0.0313971742543185
28809.7,225.8,0.0313479623824437
28813.2,225.9,0.0313971742543185
28816.8,226,0.0317460317460317
28819.7,226.1,0.0314465408805075
28822.9,226.2,0.0316957210776516
28826.2,226.3,0.0316957210776589
28829.5,226.4,0.0318979266347702
28832.6,226.5,0.032258064516129
28835.6,226.6,0.0321027287319407
28839.6,226.7,0.032258064516129
28842.3,226.8,0.0319488817891344
28846,226.9,0.0323624595469317
28849.2,227,0.032520325203252
28852.1,227.1,0.0323101777059728
28855.4,227.2,0.0324675324675294
28858.4,227.3,0.0325732899022832
28861.7,227.4,0.0326264274061975
28864,227.5,0.032258064516129
28867.6,227.6,0.0325732899022755
28870.6,227.7,0.0324675324675294
28873.5,227.8,0.0324675324675371
28876.9,227.9,0.0327868852459016
28879.8,228,0.0325732899022755
28883.3,228.1,0.0330033003300298
28886,228.2,0.0329489291598039
28889.3,228.3,0.0327332242225828
28892.2,228.4,0.0327332242225906
28894.6,228.5,0.0315955766192718
28897.9,228.6,0.032258064516129
28901.6,228.7,0.032362459546924
28904.9,228.8,0.0327868852459016
28907.8,228.9,0.032520325203252
28910.7,229,0.0324149108589967
28914,229.1,0.0328947368421116
28917,229.2,0.0327332242225906
28919.8,229.3,0.0327332242225828
28923,229.4,0.0328947368421116
28926,229.5,0.0327868852459016
28929,229.6,0.0330033003300378
28932.2,229.7,0.0332225913621279
28935.1,229.8,0.0333333333333333
28937.9,229.9,0.032840722495898
28941.2,230,0.0334448160535101
28943.9,230.1,0.0333333333333333
28946.7,230.2,0.0330033003300378
28950.4,230.3,0.0335008375209397
28953.3,230.4,0.0337837837837771
28957.9,230.5,0.0346020761245657
28959.9,230.6,0.0340715502555383
28963.4,230.7,0.0343642611683866
28965.9,230.8,0.0344234079173804
28969.3,230.9,0.0347222222222187
28972.4,231,0.0350262697022731
28974.8,231.1,0.0349650349650278
28978.1,231.2,0.0347222222222187
28980.9,231.3,0.0347826086956522
28983.8,231.4,0.0349040139616038
28987,231.5,0.035211267605641
28989.6,231.6,0.0351493848857591
28992.4,231.7,0.0349650349650367
28995.1,231.8,0.0350262697022731
28998.8,231.9,0.035211267605632
29001,232,0.0353356890459418
29003.9,232.1,0.0351493848857681
29007.3,232.2,0.0354609929077959
29010.1,232.3,0.0353982300884956
29012.5,232.4,0.0352733686067037
29015.7,232.5,0.0356506238859235
29018.6,232.6,0.035971223021579
29021.6,232.7,0.0362318840579729
29024,232.8,0.0357781753130628
29026.9,232.9,0.035971223021579
29029.5,233,0.0362318840579729
29032,233.1,0.036036036036036
29035.7,233.2,0.0366300366300425
29038.4,233.3,0.0355871886121015
29041.1,233.4,0.0357781753130534
29043.8,233.5,0.0357142857142857
29046.5,233.6,0.0356506238859235
29049.6,233.7,0.0361010830324853
29052.2,233.8,0.0361663652802874
29055.6,233.9,0.036563071297991
29057.6,234,0.0362318840579729
29060.8,234.1,0.0366300366300327
29063.7,234.2,0.0366300366300425
29066.6,234.3,0.037243947858475
29069.2,234.4,0.0371057513914697
29071.8,234.5,0.037037037037037
29074.2,234.6,0.037243947858475
29076.8,234.7,0.037037037037037
29079.9,234.8,0.0375234521575964
29082.5,234.9,0.0375234521576067
29084.7,235,0.0368324125230183
29087.5,235.1,0.0371747211895991
29090.3,235.2,0.0373831775700935
29094.6,235.3,0.0388349514563107
29097,235.4,0.0383877159309085
29099.8,235.5,0.0389863547758263
29102.6,235.6,0.0387596899224762
29105,235.7,0.0389105058365803
29107.5,235.8,0.0390625000000022
29110.3,235.9,0.039447731755415
29112.8,236,0.0395256916996002
29115.4,236.1,0.0392156862745098
29118.3,236.2,0.0396039603960396
29120.3,236.3,0.0396039603960396
29123.1,236.4,0.04
29125.8,236.5,0.0407331975560033
29127.9,236.6,0.040567951318456
29130.8,236.7,0.0414078674948215
29133.2,236.8,0.0413223140495917
29135.8,236.9,0.0415800415800366
29139,237,0.0426439232409435
29141.3,237.1,0.0432900432900324
29143.8,237.2,0.043010752688172
29146.1,237.3,0.043010752688172
29149.1,237.4,0.043956043956044
29151.1,237.5,0.043383947939257
29154.2,237.6,0.043956043956044
29156.4,237.7,0.0435729847494609
29158.7,237.8,0.0437636761487993
29161,237.9,0.0436681222707535
29163.4,238,0.043290043290046
29166.4,238.1,0.0431034482758675
29168.8,238.2,0.042918454935617
29170.8,238.3,0.0428265524625161
29173.1,238.4,0.043383947939257
29174.9,238.5,0.043010752688172
29177.2,238.6,0.043290043290046
29179.1,238.7,0.043383947939257
29181.6,238.8,0.0436681222707396
29183.9,238.9,0.0442477876106223
29185.9,239,0.0438596491228014
29187.5,239.1,0.0434782608695652
29190.3,239.2,0.0444444444444444
29192.6,239.3,0.0446428571428542
29194.6,239.4,0.0448430493273484
29197.2,239.5,0.0450450450450509
29199.7,239.6,0.045662100456618
29202.3,239.7,0.0464037122969775
29204.4,239.8,0.0461893764434149
29206.8,239.9,0.0468384074941324
29209.6,240,0.0475059382422737
29212.8,240.1,0.0487804878048781
29215.4,240.2,0.0495049504950566
29217.5,240.3,0.05
29219.2,240.4,0.0493827160493827
29221.4,240.5,0.049875311720691
29223.4,240.6,0.049875311720691
29225.2,240.7,0.0501253132832153
29227.4,240.8,0.0511508951406573
29229.1,240.9,0.0510204081632691
29231.5,241,0.0510204081632691
29233.5,241.1,0.0523560209424124
29235.3,241.2,0.0523560209423924
29237.4,241.3,0.0516795865633114
29239.2,241.4,0.0523560209424124
29241.6,241.5,0.0534759358288645
29243.5,241.6,0.0536193029490784
29245.4,241.7,0.0544959128065438
29247.7,241.8,0.055096418732778
29249.5,241.9,0.0558659217877277
29251.7,242,0.0564971751412522
29253.8,242.1,0.0578034682080828
29255.8,242.2,0.0581395348837062
29257.5,242.3,0.0581395348837308
29259.7,242.4,0.059523809523825
29261.5,242.5,0.0600600600600811
29263.5,242.6,0.0600600600600811
29265.1,242.7,0.0606060606060606
29266.5,242.8,0.0606060606060606
29268.3,242.9,0.0611620795106816
29270.7,243,0.0625
29271.7,243.1,0.0611620795107088
29273.5,243.2,0.0619195046439852
29276.1,243.3,0.0649350649350588
29277.4,243.4,0.0643086816720137
29279,243.5,0.0653594771242017
29280.8,243.6,0.0651465798045356
29282.1,243.7,0.0655737704918033
29284,243.8,0.0664451827242718
29285.3,243.9,0.067114093959725
29287.1,244,0.0680272108843335
29288.4,244.1,0.0682593856655222
29290.2,244.2,0.0694444444444374
29291.9,244.3,0.0709219858156102
29293.3,244.4,0.0711743772241845
29294.8,244.5,0.070422535211246
29296.8,244.6,0.0727272727272727
29298.1,244.7,0.0738007380073642
29299.5,244.8,0.0740740740740741
29301,244.9,0.0757575757575925
29302.7,245,0.0769230769230769
29304.4,245.1,0.0793650793650885
29305.8,245.2,0.0796812749003799
29306.9,245.3,0.080321285140581
29308.5,245.4,0.0819672131147736
29309.6,245.5,0.0816326530612245
29311.5,245.6,0.0843881856540188
29312.6,245.7,0.0847457627118435
29314.1,245.8,0.0858369098712339
29315.1,245.9,0.0865800865800648
29316.5,246,0.0873362445415069
29317.7,246.1,0.088105726872258
29319,246.2,0.0888888888888889
29320.1,246.3,0.0904977375565373
29321.4,246.4,0.0904977375565373
29323.2,246.5,0.0938967136150106
29324.3,246.6,0.0934579439251955
29325.2,246.7,0.0938967136150106
29326.5,246.8,0.0952380952380952
29327.4,246.9,0.0985221674876706
29328.7,247,0.0952380952380952
29329.6,247.1,0.0961538461538327
29330.9,247.2,0.0985221674876706
29331.8,247.3,0.0985221674876706
29332.9,247.4,0.1
29334.1,247.5,0.103626943005166
29335.2,247.6,0.103626943005166
29336.2,247.7,0.101010101010086
29337.4,247.8,0.105820105820138
29338.2,247.9,0.103626943005166
29339.4,248,0.103092783505186
29340.4,248.1,0.106382978723388
29341.5,248.2,0.108695652173947
29342.2,248.3,0.108108108108108
29343.5,248.4,0.110497237569114
29344.5,248.5,0.112994350282504
29345.7,248.6,0.114942528735671
29346.5,248.7,0.112994350282504
29347.5,248.8,0.115606936416263
29347.7,248.9,0.11363636363642
29349.7,249,0.120481927710907
29350.4,249.1,0.121212121212121
29351.2,249.2,0.119760479041937
29352.1,249.3,0.125786163521943
29352.9,249.4,0.125
29353.4,249.5,0.123456790123479
29354.5,249.6,0.125786163522059
29356,249.7,0.133333333333333
29356.3,249.8,0.129870129870056
29357.5,249.9,0.134228187919516
29358.8,250,0.138888888888805
29359.2,250.1,0.137931034482759
29359.9,250.2,0.136986301369808
29360.7,250.3,0.137931034482759
29361.6,250.4,0.140845070422564
29362.2,250.5,0.139860139860111
29363.1,250.6,0.142857142857143
29364.2,250.7,0.149253731343348
29364.8,250.8,0.147058823529349
29365.3,250.9,0.142857142857143
29366.3,251,0.144927536231854
29366.9,251.1,0.145985401459885
29367.9,251.2,0.150375939849591
29368,251.3,0.143884892086391
29368.9,251.4,0.145985401459885
29369.6,251.5,0.148148148148148
29370.4,251.6,0.149253731343348
29371,251.7,0.149253731343348
29371.7,251.8,0.150375939849591
29372.4,251.9,0.151515151515185
29373.2,252,0.153846153846154
29373.7,252.1,0.155038759689992
29374.5,252.2,0.155038759689992
29375.2,252.3,0.156249999999964
29375.8,252.4,0.155038759689818
29376.5,252.5,0.157480314960666
29377.1,252.6,0.157480314960666
29377.6,252.7,0.155038759689818
29378.4,252.8,0.158730158730085
29379.3,252.9,0.161290322580532
29380.1,253,0.163934426229547
29380.6,253.1,0.163934426229547
29381.2,253.2,0.161290322580721
29381.9,253.3,0.163934426229547
29382.6,253.4,0.165289256198268
29383.1,253.5,0.163934426229547
29383.8,253.6,0.165289256198268
29384.4,253.7,0.162601626016222
29385,253.8,0.162601626016414
29385.6,253.9,0.165289256198268
29386.2,254,0.162601626016222
29386.6,254.1,0.158730158730085
29387.4,254.2,0.161290322580721
29388,254.3,0.161290322580721
29388.7,254.4,0.161290322580721
29389.2,254.5,0.162601626016222
29389.8,254.6,0.161290322580532
29390.5,254.7,0.161290322580721
29391,254.8,0.16
29391.7,254.9,0.16
29392.3,255,0.161290322580532
29392.8,255.1,0.158730158730085
29393.6,255.2,0.161290322580532
29394.1,255.3,0.16
29394.7,255.4,0.162601626016222
29395.3,255.5,0.16
29395.9,255.6,0.161290322580721
29396.7,255.7,0.16
29397.3,255.8,0.16
29397.7,255.9,0.157480314960666
29398.5,256,0.158730158730269
29399.2,256.1,0.162601626016222
29399.8,256.2,0.16
29400.4,256.3,0.161290322580721
29401.1,256.4,0.163934426229547
29401.5,256.5,0.16
29402.2,256.6,0.161290322580721
29402.9,256.7,0.163934426229547
29403.5,256.8,0.163934426229547
29404.2,256.9,0.165289256198466
29404.7,257,0.163934426229547
29405.4,257.1,0.166666666666667
29406,257.2,0.165289256198466
29406.6,257.3,0.169491525423687
29407,257.4,0.163934426229547
29407.8,257.5,0.165289256198268
29408.3,257.6,0.163934426229352
29409.2,257.7,0.169491525423687
29409.8,257.8,0.168067226890633
29410.4,257.9,0.168067226890839
29411.1,258,0.169491525423687
29411.5,258.1,0.168067226890839
29412.3,258.2,0.169491525423687
29412.8,258.3,0.169491525423687
29413.3,258.4,0.168067226890633
29414,258.5,0.168067226890839
29414.6,258.6,0.169491525423687
29415.1,258.7,0.168067226890633
29415.7,258.8,0.166666666666667
29416.3,258.9,0.163934426229352
29416.9,259,0.162601626016222
29417.4,259.1,0.161290322580721
29418.1,259.2,0.163934426229547
29418.4,259.3,0.156249999999964
29419.2,259.4,0.162601626016222
29419.9,259.5,0.162601626016222
29420.5,259.6,0.161290322580721
29421,259.7,0.16
29421.7,259.8,0.158730158730269
29422.3,259.9,0.16
29422.9,260,0.162601626016222
29423.4,260.1,0.158730158730085
29424.1,260.2,0.16
29424.6,260.3,0.158730158730085
29425.2,260.4,0.157480314960666
29425.9,260.5,0.155038759689992
29426.4,260.6,0.153846153846154
29427,260.7,0.152671755725293
29427.7,260.8,0.155038759689992
29428.5,260.9,0.156250000000142
29429.2,261,0.157480314960666
29429.8,261.1,0.157480314960486
29430.3,261.2,0.156249999999964
29431.2,261.3,0.161290322580721
29431.5,261.4,0.156250000000142
29432.2,261.5,0.156249999999964
29432.9,261.6,0.157480314960666
29433.5,261.7,0.16
29434.3,261.8,0.161290322580532
29434.8,261.9,0.16
29435.2,262,0.158730158730269
29436,262.1,0.158730158730269
29436.6,262.2,0.157480314960666
29437.2,262.3,0.156249999999964
29437.9,262.4,0.16
29438.8,262.5,0.161290322580532
29439.4,262.6,0.163934426229547
29440.1,262.7,0.168067226890633
29440.6,262.8,0.163934426229547
29441.3,262.9,0.168067226890633
29441.9,263,0.168067226890839
29442.5,263.1,0.169491525423896
29443.1,263.2,0.169491525423687
29443.6,263.3,0.169491525423687
29444.3,263.4,0.170940170940001
29445,263.5,0.173913043478261
29445.6,263.6,0.173913043478261
29446,263.7,0.170940170940213
29446.7,263.8,0.173913043478261
29447.3,263.9,0.175438596491094
29447.8,264,0.176991150442432
29448.6,264.1,0.180180180180086
29449.3,264.2,0.183486238531963
29450,264.3,0.185185185185385
29450.4,264.4,0.185185185185135
29451.2,264.5,0.188679245283174
29451.6,264.6,0.186915887850518
29452,264.7,0.185185185185385
29452.8,264.8,0.192307692307531
29453.2,264.9,0.186915887850518
29453.8,265,0.19047619047619
29454.3,265.1,0.19047619047619
29454.9,265.2,0.1923076923078
29455.4,265.3,0.188679245282915
29456,265.4,0.186915887850518
29456.5,265.5,0.188679245283174
29457.1,265.6,0.19047619047619
29457.7,265.7,0.194174757281499
29458.2,265.8,0.1923076923078
29458.7,265.9,0.194174757281499
29459.1,266,0.194174757281499
29459.7,266.1,0.194174757281499
29460.2,266.2,0.196078431372605
29460.8,266.3,0.198019801980084
29461.2,266.4,0.196078431372605
29461.8,266.5,0.196078431372325
29462.3,266.6,0.2
29462.8,266.7,0.198019801980084
29463.2,266.8,0.198019801980369
29463.9,266.9,0.196078431372605
29464.3,267,0.196078431372325
29464.8,267.1,0.196078431372325
29465.3,267.2,0.198019801980084
29466,267.3,0.204081632653304
29466.7,267.4,0.206185567010371
29467.1,267.5,0.206185567010371
29467.6,267.6,0.208333333333207
29468,267.7,0.206185567010371
29468.6,267.8,0.210526315789474
29469,267.9,0.208333333333523
29469.4,268,0.208333333333207
29470,268.1,0.21276595744694
29470.4,268.2,0.210526315789474
29470.9,268.3,0.21276595744694
29471.4,268.4,0.215053763440793
29472,268.5,0.21276595744694
29472.3,268.6,0.210526315789474
29472.9,268.7,0.21276595744694
29473.3,268.8,0.212765957446611
29474.1,268.9,0.224719101123375
29474.5,269,0.219780219780431
29475,269.1,0.219780219780431
29475.4,269.2,0.222222222222222
29475.8,269.3,0.224719101123375
29476.4,269.4,0.227272727272652
29476.8,269.5,0.224719101123375
29477.2,269.6,0.227272727272652
29477.7,269.7,0.229885057471341
29478.1,269.8,0.229885057471341
29478.6,269.9,0.232558139534726
29479,270,0.23255813953512
29479.4,270.1,0.224719101123742
29479.9,270.2,0.227272727272652
29480.3,270.3,0.232558139534726
29480.7,270.4,0.23255813953512
29481.4,270.5,0.240963855421602
29481.8,270.6,0.240963855421602
29482.3,270.7,0.243902439024044
29482.7,270.8,0.243902439024477
29483,270.9,0.240963855422025
29483.6,271,0.25
29484.1,271.1,0.256410256410161
29484.4,271.2,0.25
29484.7,271.3,0.25
29485.2,271.4,0.253164556962212
29485.7,271.5,0.256410256410161
29486,271.6,0.253164556962212
29486.4,271.7,0.256410256410161
29486.8,271.8,0.259740259739867
29487.2,271.9,0.256410256410161
29487.6,272,0.259740259740358
29488.3,272.1,0.273972602739617
29488.7,272.2,0.27777777777789
29488.9,272.3,0.270270270270483
29489.3,272.4,0.270270270269951
29489.7,272.5,0.273972602739617
29490.1,272.6,0.27777777777789
29490.5,272.7,0.281690140845417
29490.9,272.8,0.27777777777789
29491.3,272.9,0.28169014084484
29491.6,273,0.28169014084484
29491.9,273.1,0.28169014084484
29492.4,273.2,0.289855072464013
29492.7,273.3,0.281690140845417
29493.1,273.4,0.285714285714286
29493.5,273.5,0.285714285714286
29493.9,273.6,0.289855072464013
29494.2,273.7,0.294117647058698
29494.5,273.8,0.294117647059327
29495,273.9,0.303030303030704
29495.3,274,0.298507462686048
29495.6,274.1,0.298507462686697
29495.9,274.2,0.303030303030036
29496.3,274.3,0.307692307692308
29496.7,274.4,0.312500000000284
29497,274.5,0.312500000000284
29497.3,274.6,0.307692307692308
29497.6,274.7,0.312499999999574
29498.1,274.8,0.317460317460171
29498.4,274.9,0.312500000000284
29498.7,275,0.317460317460171
29499,275.1,0.317460317460904
29499.3,275.2,0.317460317460171
29499.8,275.3,0.327868852458704
29500.1,275.4,0.333333333333333
29500.5,275.5,0.338983050847792
29500.8,275.6,0.344827586206724
29501,275.7,0.338983050847792
29501.3,275.8,0.344827586206724
29501.6,275.9,0.344827586206724
29502,276,0.350877192982635
29502.3,276.1,0.357142857142486
29502.5,276.2,0.350877192982635
29502.8,276.3,0.357142857142486
29503.1,276.4,0.350877192982635
29503.4,276.5,0.350877192982635
29503.8,276.6,0.35087719298174
29504,276.7,0.357142857143414
29504.4,276.8,0.363636363636364
29504.8,276.9,0.370370370369772
29505,277,0.37037037037077
29505.3,277.1,0.377358490565831
29505.6,277.2,0.377358490565831
29505.9,277.3,0.377358490565831
29506.1,277.4,0.377358490565831
29506.4,277.5,0.3846153846156
29506.6,277.6,0.377358490565831
29506.9,277.7,0.3846153846156
29507.1,277.8,0.3846153846156
29507.4,277.9,0.3846153846156
29507.7,278,0.392156862745769
29507.9,278.1,0.377358490565831
29508.2,278.2,0.377358490565831
29508.4,278.3,0.377358490565831
29508.8,278.4,0.39215686274465
29509.1,278.5,0.4
29509.5,278.6,0.408163265306607
29509.6,278.7,0.408163265305395
29509.9,278.8,0.408163265306607
29510.2,278.9,0.416666666666414
29510.4,279,0.416666666666414
29510.6,279.1,0.416666666666414
29510.9,279.2,0.416666666666414
29511.2,279.3,0.434782608696477
29511.4,279.4,0.425531914893881
29511.6,279.5,0.425531914893881
29511.9,279.6,0.434782608695102
29512.1,279.7,0.416666666666414
29512.3,279.8,0.416666666666414
29512.6,279.9,0.425531914893881
29512.8,280,0.425531914892563
29513.2,280.1,0.444444444444444
29513.5,280.2,0.454545454546056
29513.7,280.3,0.454545454546056
29513.9,280.4,0.454545454546056
29514.1,280.5,0.454545454544553
29514.4,280.6,0.465116279069453
29514.5,280.7,0.444444444444444
29514.8,280.8,0.465116279069453
29515,280.9,0.465116279071027
29515.2,281,0.454545454546056
29515.4,281.1,0.454545454546056
29515.7,281.2,0.465116279069453
29515.8,281.3,0.454545454544553
29516.1,281.4,0.465116279069453
29516.3,281.5,0.465116279069453
29516.5,281.6,0.465116279071027
29516.9,281.7,0.487804878048088
29517.1,281.8,0.487804878048088
29517.3,281.9,0.487804878048088
29517.5,282,0.487804878049819
29517.7,282.1,0.487804878049819
29517.9,282.2,0.5
29518.1,282.3,0.5
29518.3,282.4,0.5
29518.5,282.5,0.512820512821278
29518.7,282.6,0.512820512821278
29519,282.7,0.526315789475297
29519.1,282.8,0.512820512819365
29519.3,282.9,0.5
29519.6,283,0.526315789473281
29519.8,283.1,0.512820512819365
29520,283.2,0.526315789475297
29520.2,283.3,0.526315789473281
29520.4,283.4,0.526315789473281
29520.6,283.5,0.540540540540966
29520.8,283.6,0.54054054053884
29521,283.7,0.526315789475297
29521.2,283.8,0.540540540540966
29521.4,283.9,0.540540540540966
29521.6,284,0.540540540540966
29521.8,284.1,0.555555555554657
29521.9,284.2,0.540540540540966
29522.1,284.3,0.540540540540966
29522.3,284.4,0.555555555554657
29522.4,284.5,0.526315789473281
29522.6,284.6,0.526315789473281
29522.8,284.7,0.526315789473281
29523,284.8,0.526315789475297
29523.3,284.9,0.555555555554657
29523.4,285,0.540540540540966
29523.7,285.1,0.555555555556903
29523.8,285.2,0.54054054053884
29524,285.3,0.540540540540966
29524.2,285.4,0.555555555556903
29524.3,285.5,0.526315789473281
29524.5,285.6,0.540540540540966
29524.8,285.7,0.555555555554657
29524.9,285.8,0.540540540540966
29525.1,285.9,0.526315789473281
29525.3,286,0.54054054053884
29525.4,286.1,0.512820512821278
29525.6,286.2,0.512820512819365
29525.8,286.3,0.512820512819365
29525.9,286.4,0.5
29526.2,286.5,0.526315789473281
29526.4,286.6,0.526315789473281
29526.6,286.7,0.526315789473281
29526.8,286.8,0.512820512819365
29526.9,286.9,0.512820512821278
29527.1,287,0.512820512819365
29527.3,287.1,0.5
29527.5,287.2,0.512820512821278
29527.7,287.3,0.512820512821278
29527.8,287.4,0.5
29528.1,287.5,0.512820512819365
29528.2,287.6,0.5
29528.4,287.7,0.487804878048088
29528.6,287.8,0.487804878048088
29528.9,287.9,0.487804878048088
29529,288,0.487804878049819
29529.3,288.1,0.5
29529.5,288.2,0.487804878049819
29529.7,288.3,0.5
29529.9,288.4,0.5
29530,288.5,0.487804878049819
29530.2,288.6,0.487804878049819
29530.4,288.7,0.487804878048088
29530.7,288.8,0.5
29530.8,288.9,0.476190476189156
29531,289,0.476190476190806
29531.3,289.1,0.5
29531.4,289.2,0.476190476190806
29531.6,289.3,0.465116279069453
29531.8,289.4,0.465116279069453
29532,289.5,0.465116279071027
29532.2,289.6,0.465116279069453
29532.5,289.7,0.476190476190806
29532.7,289.8,0.476190476190806
29533,289.9,0.476190476190806
29533.1,290,0.465116279069453
29533.3,290.1,0.465116279069453
29533.6,290.2,0.476190476190806
29533.7,290.3,0.465116279069453
29533.9,290.4,0.465116279069453
29534.1,290.5,0.454545454544553
29534.3,290.6,0.454545454544553
29534.5,290.7,0.444444444444444
29534.7,290.8,0.454545454546056
29535,290.9,0.454545454546056
29535.2,291,0.444444444444444
29535.3,291.1,0.434782608695102
29535.6,291.2,0.434782608695102
29535.9,291.3,0.454545454546056
29536.1,291.4,0.444444444444444
29536.3,291.5,0.434782608695102
29536.5,291.6,0.444444444444444
29536.7,291.7,0.434782608696477
29536.9,291.8,0.434782608695102
29537.2,291.9,0.434782608696477
29537.4,292,0.434782608695102
29537.6,292.1,0.434782608695102
29537.8,292.2,0.434782608695102
29538,292.3,0.425531914893881
29538.2,292.4,0.425531914893881
29538.5,292.5,0.416666666667677
29538.7,292.6,0.416666666666414
29539,292.7,0.416666666667677
29539.1,292.8,0.408163265305395
29539.4,292.9,0.408163265306607
29539.7,293,0.416666666666414
29539.9,293.1,0.408163265306607
29540.2,293.2,0.416666666666414
29540.3,293.3,0.39215686274465
29540.6,293.4,0.39215686274465
29540.9,293.5,0.39215686274465
29541,293.6,0.3846153846156
29541.3,293.7,0.39215686274465
29541.5,293.8,0.3846153846156
29541.8,293.9,0.39215686274465
29542,294,0.392156862745769
29542.2,294.1,0.37037037037077
29542.4,294.2,0.363636363636364
29542.7,294.3,0.363636363636364
29542.9,294.4,0.363636363636364
29543.3,294.5,0.370370370369772
29543.5,294.6,0.37037037037077
29543.8,294.7,0.370370370369772
29544,294.8,0.363636363636364
29544.3,294.9,0.363636363636364
29544.5,295,0.363636363636364
29544.8,295.1,0.363636363636364
29545,295.2,0.363636363636364
29545.4,295.3,0.363636363636364
29545.7,295.4,0.363636363636364
29546,295.5,0.363636363636364
29546.2,295.6,0.363636363636364
29546.4,295.7,0.357142857142486
29546.7,295.8,0.357142857143414
29546.9,295.9,0.350877192982635
29547.1,296,0.350877192982635
29547.6,296.1,0.357142857142486
29547.9,296.2,0.350877192982635
29548.2,296.3,0.357142857143414
29548.4,296.4,0.344827586206724
29548.7,296.5,0.338983050847792
29548.9,296.6,0.333333333333333
29549.2,296.7,0.327868852459486
29549.5,296.8,0.327868852459486
29549.8,296.9,0.327868852458704
29550,297,0.322580645161442
29550.3,297.1,0.322580645160685
29550.5,297.2,0.307692307692308
29550.9,297.3,0.307692307692308
29551.2,297.4,0.298507462686697
29551.5,297.5,0.298507462686697
29551.7,297.6,0.294117647058698
29552,297.7,0.294117647059327
29552.3,297.8,0.289855072463401
29552.6,297.9,0.285714285714286
29552.8,298,0.277777777777329
29553.2,298.1,0.281690140845417
29553.6,298.2,0.27777777777789
29553.8,298.3,0.273972602739617
29554.2,298.4,0.273972602739617
29554.6,298.5,0.27777777777789
29554.9,298.6,0.273972602739617
29555.3,298.7,0.270270270269951
29555.6,298.8,0.270270270269951
29555.9,298.9,0.256410256410161
29556.2,299,0.25
29556.5,299.1,0.25
29557,299.2,0.243902439024477
29557.4,299.3,0.243902439024477
29557.9,299.4,0.246913580246736
29558.2,299.5,0.243902439024477
29558.5,299.6,0.238095238095403
29558.8,299.7,0.232558139534726
29559.2,299.8,0.23255813953512
29559.6,299.9,0.224719101123375
29560,300,0.224719101123742
29560.3,300.1,0.219780219780079
29560.8,300.2,0.219780219780079
29561.1,300.3,0.215053763440793
29561.5,300.4,0.21276595744694
29561.8,300.5,0.194174757281499
29562.2,300.6,0.1923076923078
29562.7,300.7,0.19047619047619
29563,300.8,0.183486238532208
29563.7,300.9,0.186915887850518
29564.2,301,0.185185185185135
29564.5,301.1,0.178571428571475
29565.2,301.2,0.180180180180322
29565.6,301.3,0.172413793103362
29566,301.4,0.169491525423896
29566.4,301.5,0.161290322580721
29566.9,301.6,0.16
29567.4,301.7,0.153846153846154
29567.8,301.8,0.149253731343186
29568.5,301.9,0.147058823529506
29568.9,302,0.141843971631147
29569.4,302.1,0.133333333333333
29569.9,302.2,0.127388535031871
29570.4,302.3,0.120481927710801
29570.9,302.4,0.116959064327446
29572.1,302.5,0.116279069767462
29572.6,302.6,0.109890109890127
29573.2,302.7,0.104166666666682
29573.9,302.8,0.0970873786407493
29574.4,302.9,0.088105726872258
29575,303,0.0784313725490196
29575.7,303.1,0.0647249190938633
29576.3,303.2,0.0657859289191316
29577.2,303.3,0.0661956386918193
29577.8,303.4,0.0633997286416322
29578.8,303.5,0.0582933471468055
29579.4,303.6,0.0501078355099755
29580.4,303.7,0.041519352056146
29581.2,303.8,0.033173666044878
29582.1,303.9,0.0261165740644053
29583,304,0.0204596251837914
29584.4,304.1,0.0161393798698304
29585.6,304.2,0.0127884521692207
29587,304.3,0.0102366896796031
29588,304.4,0.0082615753632561
29589.3,304.5,0.00674699572394034
29590.8,304.6,0.0055692157850471
29592.4,304.7,0.00464186575128842
29594.5,304.8,0.0039072318346092
29597.1,304.9,0.00331808291621749
29600.5,305,0.00284159259727337
