Time,Temperature,dT_dt
0,137,0.000491400491400491
130.300000000003,137.1,0.000484648750817845
317.600000000006,137.2,0.00049480455220188
497.600000000006,137.3,0.000495331500606781
655.800000000003,137.4,0.000490893917824358
1055.4,137.5,0.000509943906170321
1256,137.6,0.000534188034188034
1513.10000000001,137.7,0.000548501220415216
1720.2,137.8,0.000561797752808989
1980.10000000001,137.9,0.000570450656018254
2118.8,138,0.000565834889379279
2413.5,138.1,0.000596018595780187
2646.3,138.2,0.00062127236580517
2734,138.3,0.0006000600060006
2951.2,138.4,0.000605528474976535
3240.8,138.5,0.00062402496099844
3454.8,138.6,0.000658891744086446
3524.10000000001,138.7,0.000651869235031453
3706,138.8,0.00066203243958954
3809.2,138.9,0.00064511966969873
4070,139,0.000650596922676555
4257,139.1,0.000663393923311662
4359.60000000001,139.2,0.000658371189676741
4535.3,139.3,0.000675173857268247
4730,139.4,0.000694927032661571
4977.4,139.5,0.000738034613823388
5000,139.6,0.000719683339330694
5159.4,139.7,0.000710858361471477
5280.2,139.8,0.000695047784535187
5486.10000000001,139.9,0.000726532984597502
5653.4,140,0.00074878322725571
5769.10000000001,140.1,0.000758955676988465
5865.5,140.2,0.000767165324127349
6067,140.3,0.000780883960643447
6254.10000000001,140.4,0.000834480744356825
6445.8,140.5,0.000828946823061302
6490.2,140.6,0.00080521781141799
6592.2,140.7,0.000786998780151892
6727,140.8,0.000791514959632736
6909.4,140.9,0.000830254472995973
7144.10000000001,141,0.000886485528123754
7271.8,141.1,0.00088944231966557
7397.4,141.2,0.000906412871062769
7497.5,141.3,0.000893774858113239
7608,141.4,0.000892857142857143
7687.3,141.5,0.000857302070384499
7779,141.6,0.000864677907479464
7972.9,141.7,0.000916800366720147
8157.7,141.8,0.000958359288897407
8238.9,141.9,0.000952290258070658
8324.4,142,0.000963112780506598
8404.3,142.1,0.000956205775482885
8472.5,142.2,0.00093453576935657
8628.2,142.3,0.000940778023425372
8650.8,142.4,0.000900130518925244
8858.5,142.5,0.000940070505287897
8974,142.6,0.000960984047664807
9133.5,142.7,0.000990834778300718
9253.8,142.8,0.00101030511214387
9318.3,142.9,0.00101081572829273
9400.2,143,0.0010404744563521
9520.4,143.1,0.00105988341282459
9603.9,143.2,0.0010372368011617
9735.2,143.3,0.0010561334952738
9848,143.4,0.00105652403592182
10020.2,143.5,0.00108701559867384
10092,143.6,0.00105999576001696
10154.4,143.7,0.00103901501376695
10244.6,143.8,0.00104673679803214
10339.1,143.9,0.00105113785672991
10401,144,0.00103108728153838
10495.9,144.1,0.00104014978156854
10612.6,144.2,0.00106638229805385
10754.1,144.3,0.0010988407230372
10872.7,144.4,0.00110302228105008
10986,144.5,0.00111613371281879
11055.2,144.6,0.00114226968987378
11152,144.7,0.0011468547508458
11233.4,144.8,0.00114266125807004
11296.9,144.9,0.00113359405996712
11322.4,145,0.00113147770988912
11407.4,145.1,0.001127586401308
11532.1,145.2,0.00116407659624003
11628.9,145.3,0.00116056403412058
11741,145.4,0.00117295173303618
11860.1,145.5,0.00120402143158148
11978.8,145.6,0.00125211294058724
12079.3,145.7,0.00129525289812836
12155.3,145.8,0.00126943827356395
12241.8,145.9,0.00129274125783725
12340.7,146,0.00128832775057975
12418.7,146.1,0.0012846865364851
12488.1,146.2,0.00128567755206994
12574.2,146.3,0.00130157490563582
12685.9,146.4,0.00129399585921325
12777.9,146.5,0.00128691847371469
12806.1,146.6,0.00122473974280465
12895.9,146.7,0.00126702565726956
12983.7,146.8,0.00127599846880184
13061.2,146.9,0.00130106687483737
13090,147,0.00125023441895355
13181.1,147.1,0.00127681307456589
13250.2,147.2,0.00125976316452507
13352.2,147.3,0.00127624274136941
13446.1,147.4,0.00124478745254248
13521.2,147.5,0.00127445357802842
13576.1,147.6,0.00123823675086677
13623.4,147.7,0.00124742718143828
13730.8,147.8,0.00124820570430007
13788.9,147.9,0.0012453300124533
13893.1,148,0.00128824476650564
13975.5,148.1,0.00129224009821024
14043.7,148.2,0.00132275132275132
14110.8,148.3,0.00129157248950597
14231.5,148.4,0.00135098621994056
14332,148.5,0.00137485392177081
14439.1,148.6,0.0014113330040223
14474.4,148.7,0.00135556459265284
14551.1,148.8,0.00135547272111149
14598.4,148.9,0.00133129201890434
14689.7,149,0.00133645172068159
14747.5,149.1,0.00130259215839521
14837.8,149.2,0.00130932896890344
14919.3,149.3,0.00132740426096768
15052.8,149.4,0.00139440842222687
15090.5,149.5,0.00139489468545125
15191.3,149.6,0.00141673160019835
15226.7,149.7,0.00135189941868325
15333.1,149.8,0.00142938822184106
15394.9,149.9,0.00139596565924478
15445.6,150,0.00136379133992499
15523.2,150.1,0.00135263086703639
15555.7,150.2,0.00127926314442881
15659.3,150.3,0.00130992926381975
15711.9,150.4,0.00129567245400363
15786.7,150.5,0.00125179946172623
15856.2,150.6,0.00125825731362064
15949.8,150.7,0.00125612360256249
16026.6,150.8,0.00125031257814454
16100.7,150.9,0.00126167045167802
16186.2,151,0.00130352603793261
16282.9,151.1,0.00129132231404958
16365.3,151.2,0.00130157490563582
16426,151.3,0.00129065565307176
16487.1,151.4,0.00127852713673848
16524.3,151.5,0.00124308533780844
16603,151.6,0.00126079556199962
16706.1,151.7,0.00128155837498398
16732.3,151.8,0.00122880314573605
16827.6,151.9,0.00128336755646818
16912.1,152,0.00126047772105628
17001.8,152.1,0.00130907186804555
17119.1,152.2,0.001341471594339
17186.1,152.3,0.00131760985572173
17255.5,152.4,0.00136425648021828
17384.4,152.5,0.00138677021217584
17445.7,152.6,0.00137230684781117
17542,152.7,0.0014367816091954
17626.2,152.8,0.00141733399475587
17685.9,152.9,0.00139528394028185
17720.5,153,0.00140075640846057
17831.7,153.1,0.0014030164854437
17901.9,153.2,0.00143605945286134
17975.6,153.3,0.00143533802210421
18051.4,153.4,0.00140558015320824
18133.2,153.5,0.00148511175465954
18189.3,153.6,0.001424399971512
18266.7,153.7,0.0014580447619742
18359.9,153.8,0.00148170099273966
18386,153.9,0.00143420580853352
18498.8,154,0.00150466445982546
18529.6,154.1,0.00143163922691482
18610,154.2,0.00149666990945147
18704,154.3,0.00155884645362432
18721.5,154.4,0.00148225005558437
18826.6,154.5,0.00154786781208885
18903.1,154.6,0.00154464009885697
18934,154.7,0.00151205866787631
19037.3,154.8,0.00155448468832582
19119.3,154.9,0.00160862221507279
19148.3,155,0.0015284677111196
19257.2,155.1,0.00161069501489893
19294.6,155.2,0.00154071335028118
19369,155.3,0.00157269796335613
19474.3,155.4,0.00159172304019101
19479.9,155.5,0.00158616860972321
19593.4,155.6,0.00160320641282565
19638.4,155.7,0.00161969549724651
19709.7,155.8,0.00160875160875161
19780.5,155.9,0.00161890885543144
19828,156,0.00162377202240805
19926.6,156.1,0.00164812525751957
19946.3,156.2,0.00164015089388225
19987,156.3,0.00159349852601386
20070.8,156.4,0.00160038409218213
20118.7,156.5,0.00165275597058095
20197.9,156.6,0.00161681487469684
20256.7,156.7,0.00164095831965869
20323.9,156.8,0.00166223404255319
20362.6,156.9,0.00158415841584158
20456.8,157,0.0016989466530751
20498.9,157.1,0.00164785367059405
20592.7,157.2,0.00167855644146035
20640.7,157.3,0.00171614896172988
20730.8,157.4,0.00174596246180707
20740.8,157.5,0.00163305299256961
20840.9,157.6,0.00177383592017737
20873.2,157.7,0.00170546601858957
20952.9,157.8,0.00172280127487294
21015.9,157.9,0.00177493787717431
21059.7,158,0.00174352715543545
21140.1,158.1,0.00175608042848363
21165.7,158.2,0.00174307129161581
21242.1,158.3,0.00179436569172799
21320.5,158.4,0.00179067060614199
21328.8,158.5,0.00171600171600172
21434.9,158.6,0.00185065235495513
21475.5,158.7,0.00180034206499233
21527.1,158.8,0.00177132229209106
21625.1,158.9,0.00188946622579121
21634,159,0.00180962721679335
21712.6,159.1,0.00182548375319461
21784.2,159.2,0.00184621065263546
21806.1,159.3,0.00186480186480186
21876.3,159.4,0.00187265917602996
21965.5,159.5,0.00191920161212934
21968.4,159.6,0.00181307225092921
22045.9,159.7,0.00193087468623289
22113.8,159.8,0.00190276852820853
22142.7,159.9,0.00186811133943582
22206.8,160,0.00188483649043444
22279,160.1,0.00200280392549568
22313.1,160.2,0.00192548377779918
22356.7,160.3,0.00187458993345204
22437.4,160.4,0.00193311424705202
22494.3,160.5,0.00201999798000201
22515.6,160.6,0.00192233756247598
22586.4,160.7,0.00195350654424695
22656.2,160.8,0.00196831020568841
22683.6,160.9,0.0019968051118211
22739.2,161,0.00202244918596418
22808.2,161.1,0.0020247013565499
22867.5,161.2,0.0020247013565499
22878.6,161.3,0.00195790504160548
22944.3,161.4,0.00205170291341813
23007.6,161.5,0.0020802995631371
23071.5,161.6,0.00206932229694775
23081.7,161.7,0.00195274360476467
23164.9,161.8,0.0021037130535395
23213.3,161.9,0.00209709552270107
23267.9,162,0.00212449543233483
23277.6,162.1,0.001998001998002
23351.8,162.2,0.00206036880601628
23423.6,162.3,0.00216379963215406
23472,162.4,0.00219901044529962
23484.4,162.5,0.00209226906580187
23556,162.6,0.00211707420345084
23610.2,162.7,0.00214892016761575
23672.3,162.8,0.00220312844238818
23685.2,162.9,0.00209841569614939
23728.1,163,0.00208964580503607
23796,163.1,0.00211215545464144
23855.3,163.2,0.00212404418011893
23900.1,163.3,0.00216708202405462
23919.1,163.4,0.00214615302071039
23969,163.5,0.00213766566908934
24038,163.6,0.00218914185639228
24105.9,163.7,0.00220458553791888
24115.6,163.8,0.00212179079142798
24167,163.9,0.0022180326050793
24209.3,164,0.00222642769676054
24278.6,164.1,0.00223713646532438
24322.5,164.2,0.00223538616295966
24347.9,164.3,0.00217556836723597
24381.5,164.4,0.00215679930982421
24440.3,164.5,0.00229832222477592
24500.7,164.6,0.00239923224568137
24540.9,164.7,0.0023767082590612
24580.1,164.8,0.00233100233100233
24638.3,164.9,0.00236658383623238
24685.2,165,0.00234356690883522
24742.9,165.1,0.00241984271022384
24796.9,165.2,0.00256377387514424
24823,165.3,0.00247954376394742
24851,165.4,0.00243279406398247
24904.6,165.5,0.00247371675943105
24951.6,165.6,0.00247524752475248
25013.1,165.7,0.0025090954710827
25058.2,165.8,0.00257234726688103
25068.7,165.9,0.00254841997961263
25107.6,166,0.00253196607165466
25172.6,166.1,0.00258164450755132
25217.2,166.2,0.00259302476338648
25267.2,166.3,0.0026343519494204
25308.8,166.4,0.00263296471827275
25310.5,166.5,0.00255232261357834
25334.3,166.6,0.00257466529351183
25382.4,166.7,0.0026493575307988
25438.1,166.8,0.00272553829381302
25483.4,166.9,0.00272628135223558
25538.6,167,0.00275785990071705
25569.4,167.1,0.00269578110257449
25577,167.2,0.00259976602105809
25629.6,167.3,0.0026518164942986
25673.1,167.4,0.00278048102321701
25713.1,167.5,0.00280583613916946
25759.6,167.6,0.00282445982205907
25810.2,167.7,0.00289100896212777
25835.7,167.8,0.00283969899190685
25853.5,167.9,0.00274010138375117
25897.5,168,0.00275862068965517
25947.3,168.1,0.0028007281893292
25988.5,168.2,0.00291502696399939
26026.4,168.3,0.00299356383774888
26068.4,168.4,0.00301477238468498
26094.1,168.5,0.00298596595998804
26111.1,168.6,0.00288475407471512
26137.3,168.7,0.00283446712018138
26171.9,168.8,0.00280033604032485
26217,168.9,0.00283969899190685
26263.8,169,0.0028939372015627
26311.3,169.1,0.0030450669914738
26346.3,169.2,0.00313971742543171
26383.8,169.3,0.00313038034121149
26392.4,169.4,0.00300797112347724
26425.9,169.5,0.00300075018754689
26467.7,169.6,0.00305390135898606
26502,169.7,0.00306278713629403
26540,169.8,0.00307929176289453
26583.4,169.9,0.00314613811546328
26622.5,170,0.00316656111462948
26661.4,170.1,0.00325097529258779
26674.6,170.2,0.00327868852459016
26694.5,170.3,0.00322945260778297
26731.8,170.4,0.00324886289798567
26763.9,170.5,0.00324939073923639
26804.4,170.6,0.00328191663931739
26842.9,170.7,0.00332225913621262
26886.1,170.8,0.00339731612026501
26921.3,170.9,0.0034118048447629
26954.9,171,0.00350631136044884
26968.1,171.1,0.0034077355597206
26983.3,171.2,0.0033806626098715
27022.7,171.3,0.00355366027007816
27057.3,171.4,0.00360490266762796
27092.4,171.5,0.00366434591425438
27122.6,171.6,0.0036337209302326
27155,171.7,0.00365831351746847
27189.5,171.8,0.00373203955961927
27219.1,171.9,0.0037292560134253
27254.1,172,0.00378286362776624
27276.6,172.1,0.00371678126742247
27284.6,172.2,0.00356569798538068
27313.8,172.3,0.00359453630481672
27347.4,172.4,0.0036563071297989
27379.4,172.5,0.00384245917387128
27413.8,172.6,0.00390625
27444.9,172.7,0.00393855848759363
27474.8,172.8,0.00398089171974527
27507.5,172.9,0.00400080016003194
27525.3,173,0.00394555139080691
27555,173.1,0.00393391030684494
27574.9,173.2,0.00390167772142028
27585.5,173.3,0.0037292560134253
27612.1,173.4,0.00378859632506161
27638.2,173.5,0.00378000378000374
27673,173.6,0.00381242851696526
27701.7,173.7,0.00386697602474856
27725.4,173.8,0.00394788787998428
27755.4,173.9,0.00407166123778504
27782.8,174,0.00404940271309987
27814.7,174.1,0.00408830744071944
27845.5,174.2,0.00418235048097033
27870.2,174.3,0.00416406412658752
27894.4,174.4,0.00412626366824843
27899.9,174.5,0.00396510705789061
27925.8,174.6,0.00399201596806387
27952.7,174.7,0.00403551251008873
27977.2,174.8,0.00404040404040404
28007.4,174.9,0.00404530744336574
28032.2,175,0.00408329930583909
28063.4,175.1,0.00410509031198689
28087.5,175.2,0.00415110004151098
28121.8,175.3,0.00438692695766621
28140,175.4,0.00437445319335086
28167.3,175.5,0.00443458980044346
28197.6,175.6,0.00450349020490889
28218.9,175.7,0.00446129823778731
28232,175.8,0.00442673749446655
28246.6,175.9,0.00427807486631016
28276.7,176,0.0043374539145521
28303.9,176.1,0.0043487714720592
28323.7,176.2,0.00440334654337285
28350.5,176.3,0.00441208912420028
28379.1,176.4,0.00447627573858547
28404.3,176.5,0.0045310376076122
28426.8,176.6,0.00456933973040899
28448.3,176.7,0.00451467268623025
28472.2,176.8,0.00456412596987665
28501.8,176.9,0.00485908649173948
28522,177,0.00492853622474122
28550.6,177.1,0.0049603174603175
28569.3,177.2,0.00495908752789483
28577.7,177.3,0.00476417341591231
28597.2,177.4,0.00476077124494161
28618.3,177.5,0.00475624256837099
28641.7,177.6,0.0048007681228996
28667.2,177.7,0.00483442107807576
28683.8,177.8,0.00484613520717231
28714.1,177.9,0.00492610837438424
28737.8,178,0.00497760079641609
28763.8,178.1,0.00503271263210878
28777.9,178.2,0.005045408678103
28803.8,178.3,0.00511378164152383
28825.9,178.4,0.00510073960724316
28845.7,178.5,0.00512163892445583
28864.5,178.6,0.00513742614949906
28891.3,178.7,0.00528680941052071
28910.4,178.8,0.00552028705492703
28913.4,178.9,0.00528960592435876
28927.8,179,0.0051800051800051
28953.8,179.1,0.00535331905781576
28972.6,179.2,0.00529100529100529
28997.5,179.3,0.00549299642955223
29017.3,179.4,0.00547945205479452
29038.8,179.5,0.00550964187327824
29058.3,179.6,0.00548546352166749
29080.9,179.7,0.00556483027267677
29096.5,179.8,0.00557568999163651
29120.1,179.9,0.00564652738565787
29139.6,180,0.0056673278549165
29161.2,180.1,0.00577200577200577
29174.3,180.2,0.00571428571428571
29194.9,180.3,0.00577533930118414
29218,180.4,0.00585651537335286
29236.2,180.5,0.00589101620029455
29253.8,180.6,0.00598086124401924
29269.6,180.7,0.00593471810089021
29272.7,180.8,0.00567859170925592
29291.5,180.9,0.00587371512481645
29313.9,181,0.00607718018839275
29327.4,181.1,0.00606428138265637
29350.6,181.2,0.00623830318153479
29361.6,181.3,0.0060827250608272
29382.3,181.4,0.00623635796694736
29401.8,181.5,0.00628338045868672
29422.9,181.6,0.00640820249919915
29440.3,181.7,0.00649561545956492
29455.2,181.8,0.00649983750406215
29474.3,181.9,0.00656814449917898
29492.5,182,0.00661594442606676
29507.7,182.1,0.00664010624169961
29524.3,182.2,0.0067001675041876
29541.2,182.3,0.00664451827242525
29559.5,182.4,0.00679347826086936
29575.7,182.5,0.00686106346483705
29588.2,182.6,0.00684462696782998
29606.6,182.7,0.00685871056241447
29624.9,182.8,0.00704473406128933
29632,182.9,0.00690846286701209
29643,183,0.00675447483958109
29657.2,183.1,0.00680272108843537
29671.2,183.2,0.00681663258350355
29690.4,183.3,0.00688468158347676
29703,183.4,0.00688231245698541
29720.1,183.5,0.00698080279232112
29735,183.6,0.00715563506261181
29748.2,183.7,0.00737463126843626
29762.9,183.8,0.00751032669921174
29778.8,183.9,0.0075046904315197
29794.8,184,0.00753863550697316
29808.9,184.1,0.00755857898715066
29822.8,184.2,0.00766283524904215
29842.2,184.3,0.00786782061368965
29853.9,184.4,0.00783085356303855
29867.2,184.5,0.00782166601486081
29880.4,184.6,0.00784929356357964
29898.2,184.7,0.00812017864393007
29908.8,184.8,0.0079808459696726
29921.5,184.9,0.00802890405459636
29939.1,185,0.00825423029302508
29951.2,185.1,0.00808407437348395
29964.6,185.2,0.00822368421052641
29980.9,185.3,0.00830564784053196
29993.6,185.4,0.00834376303712985
30006.6,185.5,0.00841750841750873
30014.5,185.6,0.00832292967124418
30019.4,185.7,0.00802246289610948
30029.2,185.8,0.008
30045.3,185.9,0.00815660685154985
30060.1,186,0.00827814569536454
30073.5,186.1,0.00830564784053146
30083.8,186.2,0.00830564784053146
30096.4,186.3,0.00835421888053487
30109.3,186.4,0.00850340136054432
30122.9,186.5,0.00851426138782482
30135.2,186.6,0.00862068965517241
30144.5,186.7,0.00863930885529158
30159.4,186.8,0.00871459694989107
30170.6,186.9,0.0087680841736084
30181.4,187,0.00914076782449774
30198.6,187.1,0.00952834683182494
30207.8,187.2,0.00945179584120957
30221.7,187.3,0.00966183574879227
30233.3,187.4,0.00977039570102603
30244.2,187.5,0.00980872976949443
30254.8,187.6,0.00976085895558837
30268.7,187.7,0.00987166831194444
30279.2,187.8,0.010030090270812
30290.5,187.9,0.0101574403250376
30301.7,188,0.0101574403250376
30314.3,188.1,0.0102933607822953
30324.6,188.2,0.0102616726526427
30335.8,188.3,0.0104602510460253
30344.5,188.4,0.0103896103896104
30357.8,188.5,0.0105932203389829
30367.2,188.6,0.0106269925611046
30376,188.7,0.0105540897097625
30388.9,188.8,0.0106780565937006
30398.7,188.9,0.0108166576527848
30400.2,189,0.0103842159916923
30408.5,189.1,0.0103950103950099
30419.4,189.2,0.0104602510460253
30428.7,189.3,0.010493179433368
30438,189.4,0.0103573278094249
30448.1,189.5,0.0104657247514395
30459.7,189.6,0.0106157112526534
30471.3,189.7,0.0107353730542135
30478.6,189.8,0.010565240359218
30487.4,189.9,0.0106326422115901
30498.6,190,0.0107816711590297
30508.6,190.1,0.010958904109589
30519.5,190.2,0.0111358574610241
30527,190.3,0.0109769484083427
30537,190.4,0.0111607142857145
30546.6,190.5,0.01124227093873
30555.4,190.6,0.0113250283125713
30565.5,190.7,0.0114613180515759
30576.2,190.8,0.0115540150202191
30583.6,190.9,0.0115340253748562
30592.8,191,0.0114810562571759
30600.9,191.1,0.0116076610562979
30610.6,191.2,0.0118133490844652
30619.3,191.3,0.0123001230012296
30631.1,191.4,0.0127632418634335
30639.2,191.5,0.0126422250316046
30648.1,191.6,0.0127632418634335
30657.6,191.7,0.0130633572828224
30667.9,191.8,0.0133067198935473
30675.5,191.9,0.0132714001327143
30684.1,192,0.01336898395722
30691.1,192.1,0.0134318334452658
30699.1,192.2,0.0134138162307184
30709.2,192.3,0.0135043889264005
30716.2,192.4,0.013596193065941
30724.5,192.5,0.0135135135135135
30732,192.6,0.013708019191226
30740,192.7,0.013745704467354
30749.3,192.8,0.0139082058414462
30757,192.9,0.014094432699083
30767,193,0.0144300144300138
30773.2,193.1,0.0143988480921517
30779.9,193.2,0.0142348754448399
30781.9,193.3,0.0136705399863305
30787.8,193.4,0.0136054421768707
30797.4,193.5,0.0139958012596227
30804.8,193.6,0.0140548137737172
30810.7,193.7,0.0140056022408961
30818.2,193.8,0.014094432699083
30826.2,193.9,0.0141743444365692
30833.7,194,0.0142653352353768
30840,194.1,0.0143988480921517
30848.2,194.2,0.0144717800289423
30857.3,194.3,0.0147058823529412
30863.3,194.4,0.014577259475219
30872.5,194.5,0.0149588631264027
30877.9,194.6,0.0149476831091194
30885.5,194.7,0.0151860288534552
30893.1,194.8,0.0154202004626064
30898.9,194.9,0.0154440154440154
30905.6,195,0.0155038759689922
30912.1,195.1,0.0155279503105587
30920.4,195.2,0.0158353127474282
30928.2,195.3,0.016
30934.8,195.4,0.0159744408945691
30940.3,195.5,0.0158856235107235
30947.1,195.6,0.0161681487469689
30953.5,195.7,0.0162999185004079
30960.1,195.8,0.0163800163800176
30967.3,195.9,0.0165425971877593
30973.9,196,0.0167504187604698
30978.9,196.1,0.0167785234899333
30986.4,196.2,0.0168067226890756
30993.3,196.3,0.0170648464163827
31000.5,196.4,0.0175284837861516
31006.2,196.5,0.0175901495162691
31011.7,196.6,0.0178412132024968
31017.2,196.7,0.0180018001800171
31022.8,196.8,0.0179694519317156
31028.4,196.9,0.017969451931718
31034.6,197,0.0179372197309417
31040.9,197.1,0.0181488203266792
31046.7,197.2,0.0183992640294369
31053.2,197.3,0.0184672206832867
31060,197.4,0.0187969924812015
31066.2,197.5,0.019047619047619
31070.8,197.6,0.0191570881226064
31076.2,197.7,0.0195121951219512
31082.2,197.8,0.0200803212851394
31088.2,197.9,0.0204498977505106
31093.3,198,0.0206398348813222
31098.1,198.1,0.0207684319833846
31105.4,198.2,0.0213675213675234
31110.5,198.3,0.0211416490486245
31114.6,198.4,0.0209643605870034
31119.9,198.5,0.0210970464135047
31123.8,198.6,0.0210748155953648
31128.3,198.7,0.0208768267223376
31134.1,198.8,0.0212314225053085
31139.7,198.9,0.0214822771213735
31146.1,199,0.0217627856365629
31151.1,199.1,0.0219298245614042
31155.4,199.2,0.0217155266015221
31161.5,199.3,0.0221483942414168
31166.4,199.4,0.0222469410456077
31171.2,199.5,0.0222965440356716
31175.2,199.6,0.022197558268589
31178.7,199.7,0.0222469410456041
31181.8,199.8,0.021645021645023
31186,199.9,0.0217155266015187
31190.2,200,0.0219058050383345
31194.4,200.1,0.0215749730312844
31199,200.2,0.0217155266015187
31205.1,200.3,0.0222469410456077
31210,200.4,0.022624434389138
31214.7,200.5,0.0224215246636742
31218.7,200.6,0.0224466891133543
31224.1,200.7,0.0229885057471264
31228.3,200.8,0.0230680507497124
31232.8,200.9,0.023121387283237
31238,201,0.0233100233100225
31242.3,201.1,0.0236406619385327
31247.5,201.2,0.0241545893719798
31251.8,201.3,0.0243309002433099
31256.3,201.4,0.0243309002433099
31260.9,201.5,0.0245398773006135
31265.3,201.6,0.0248138957816359
31268.6,201.7,0.0245098039215713
31274.2,201.8,0.025220680958385
31278.1,201.9,0.0248756218905491
31281.5,202,0.0249066002490651
31287.1,202.1,0.025412960609912
31291.1,202.2,0.0257731958762916
31295,202.3,0.0259067357512963
31298.4,202.4,0.0257069408740398
31303.9,202.5,0.0263852242744104
31307.8,202.6,0.0264900662251656
31311.1,202.7,0.0264900662251656
31315,202.8,0.0265604249667984
31319.3,202.9,0.0269179004037675
31323.8,203,0.0271370420624163
31326.9,203.1,0.0268456375838926
31330.3,203.2,0.0269541778975752
31334,203.3,0.0269179004037675
31338.5,203.4,0.0273224043715858
31342.4,203.5,0.0275103163686393
31345.9,203.6,0.0276625172890778
31350.2,203.7,0.0277008310249263
31353.5,203.8,0.0278164116828895
31358.5,203.9,0.029455081001469
31361.8,204,0.0294117647058824
31365.8,204.1,0.0296296296296296
31368.7,204.2,0.0297176820208011
31372.2,204.3,0.0296735905044472
31376.2,204.4,0.0300751879699248
31379.7,204.5,0.0300751879699248
31383.3,204.6,0.0302571860816917
31386.6,204.7,0.0305810397553544
31390.3,204.8,0.0307219662058344
31393.6,204.9,0.0307692307692308
31397.5,205,0.0314465408805003
31401.4,205.1,0.031545741324924
31404.5,205.2,0.0318471337579603
31408.3,205.3,0.0322061191626379
31411.7,205.4,0.0324675324675294
31415.1,205.5,0.0326797385620931
31418.2,205.6,0.0328947368421037
31422.4,205.7,0.0333889816360633
31425.4,205.8,0.0335570469798707
31426.4,205.9,0.0325732899022832
31429.8,206,0.0330033003300298
31433.3,206.1,0.0327332242225828
31436,206.2,0.0326797385620931
31439.6,206.3,0.0331674958540614
31442.7,206.4,0.0335008375209315
31446.2,206.5,0.0335008375209315
31449.4,206.6,0.0340136054421836
31452,206.7,0.0337268128161872
31455.4,206.8,0.0342465753424692
31458.6,206.9,0.0344827586206897
31461.1,207,0.0343053173241835
31464.8,207.1,0.0350262697022731
31467.3,207.2,0.035211267605632
31470.4,207.3,0.0356506238859235
31473.3,207.4,0.0357781753130628
31476.3,207.5,0.0359066427289067
31479,207.6,0.0361663652802874
31482.3,207.7,0.0366300366300327
31485,207.8,0.0364298724954405
31487.8,207.9,0.0371747211895891
31490.4,208,0.0369685767098026
31494.4,208.1,0.0380952380952381
31497.2,208.2,0.037950664136614
31499.9,208.3,0.0382409177820353
31502.4,208.4,0.0380952380952381
31505.9,208.5,0.0390625000000022
31508.2,208.6,0.0390624999999911
31511.3,208.7,0.0396039603960396
31513.8,208.8,0.0399201596806341
31516.6,208.9,0.040080160320646
31519.4,209,0.040567951318468
31521.9,209.1,0.0406504065040674
31524.1,209.2,0.0404858299595189
31526.5,209.3,0.0407331975560033
31529.2,209.4,0.0406504065040554
31532,209.5,0.0409836065573746
31534.3,209.6,0.041067761806984
31536.9,209.7,0.0414937759336125
31539.9,209.8,0.0438596491228154
31541.6,209.9,0.0433839479392707
31544.5,210,0.0436681222707396
31546.9,210.1,0.0437636761487993
31549.9,210.2,0.0450450450450509
31552.2,210.3,0.0450450450450362
31554.9,210.4,0.0458715596330367
31557.1,210.5,0.0457665903890191
31559.4,210.6,0.0458715596330367
31561.8,210.7,0.0466200466200529
31563.9,210.8,0.0468384074941484
31566.5,210.9,0.0468384074941484
31568.7,211,0.0473933649288969
31571.1,211.1,0.0481927710843374
31573.5,211.2,0.0488997555012121
31575.6,211.3,0.0497512437810981
31578.4,211.4,0.0503778337531523
31580.8,211.5,0.0512820512820513
31583,211.6,0.0512820512820513
31585.1,211.7,0.0516795865633114
31585.5,211.8,0.0493827160493827
31587.7,211.9,0.0493827160493827
31590.3,212,0.05
31592.6,212.1,0.0505050505050616
31594.3,212.2,0.0495049504950566
31596.6,212.3,0.0501253132832153
31598.5,212.4,0.0490196078431338
31600.8,212.5,0.0496277915632719
31603,212.6,0.0507614213197857
31604.7,212.7,0.0497512437810801
31606.6,212.8,0.0496277915632719
31609.2,212.9,0.0507614213197857
31610.9,213,0.0507614213198045
31612.6,213.1,0.0506329113924051
31614.4,213.2,0.0508905852417454
31615.8,213.3,0.0507614213198045
31618.1,213.4,0.0508905852417265
31619.8,213.5,0.0508905852417265
31622,213.6,0.0516795865633114
31623.8,213.7,0.051948051948052
31626,213.8,0.0522193211488211
31628.2,213.9,0.0530503978779677
31630.3,214,0.0534759358288853
31632.2,214.1,0.0537634408601982
31634.7,214.2,0.0544959128065222
31636.5,214.3,0.0546448087431607
31639.3,214.4,0.05602240896359
31641.1,214.5,0.0554016620498749
31642.4,214.6,0.0549450549450637
31644.9,214.7,0.0564971751412522
31646.9,214.8,0.0564971751412522
31648.6,214.9,0.05602240896359
31650.3,215,0.0557103064066943
31652.1,215.1,0.055865921787705
31653.7,215.2,0.0552486187845126
31655.2,215.3,0.0546448087431607
31657.4,215.4,0.0552486187845348
31659.1,215.5,0.0555555555555556
31660.7,215.6,0.0546448087431607
31662.3,215.7,0.0546448087431607
31664.3,215.8,0.0549450549450637
31665.9,215.9,0.0546448087431824
31667.7,216,0.0554016620498526
31669.4,216.1,0.0555555555555556
31671.4,216.2,0.0564971751412522
31673.1,216.3,0.0563380281690141
31675,216.4,0.0569800569800475
31677.2,216.5,0.0584795321637228
31678.8,216.6,0.0584795321637477
31680.3,216.7,0.0579710144927536
31682.3,216.8,0.0584795321637477
31684.3,216.9,0.0597014925373134
31686.2,217,0.0602409638554006
31687.9,217.1,0.0606060606060606
31689.9,217.2,0.0604229607250915
31691.8,217.3,0.0609756097560921
31693.6,217.4,0.0611620795107088
31695.1,217.5,0.0606060606060606
31697.3,217.6,0.0623052959501445
31698.9,217.7,0.0617283950617395
31700.7,217.8,0.0611620795106816
31702.5,217.9,0.0619195046439573
31703.8,218,0.0611620795107088
31705.4,218.1,0.0609756097561192
31706.8,218.2,0.0607902735562418
31708.6,218.3,0.0606060606060606
31710.1,218.4,0.0609756097560921
31711.4,218.5,0.0606060606060606
31713,218.6,0.0611620795107088
31714.8,218.7,0.0611620795107088
31716.5,218.8,0.0617283950617118
31717.8,218.9,0.0623052959501445
31719.4,219,0.0615384615384615
31720.9,219.1,0.0623052959501727
31723,219.2,0.0636942675159059
31724.6,219.3,0.0636942675159354
31726.3,219.4,0.0645161290322581
31728.1,219.5,0.0651465798045664
31729.4,219.6,0.0649350649350895
31731.3,219.7,0.0660066006600597
31733.4,219.8,0.0675675675675875
31734.8,219.9,0.067114093959725
31736.5,220,0.0668896321070039
31738.2,220.1,0.0673400673400409
31739.7,220.2,0.0682593856655222
31741.6,220.3,0.0689655172413793
31742.9,220.4,0.0677966101694915
31744.4,220.5,0.0689655172413793
31745.7,220.6,0.0675675675675543
31747.5,220.7,0.0684931506849383
31748.9,220.8,0.0687285223367904
31749.9,220.9,0.0675675675675875
31751.9,221,0.0694444444444725
31753,221.1,0.0684931506849383
31754.4,221.2,0.0687285223367904
31756,221.3,0.0689655172413793
31757.3,221.4,0.068728522336756
31758.8,221.5,0.0696864111498328
31760.2,221.6,0.0701754385964912
31761.6,221.7,0.070422535211282
31763,221.8,0.0701754385964912
31764.6,221.9,0.0709219858156102
31766.4,222,0.0729927007299425
31767.9,222.1,0.0711743772242214
31769,222.2,0.0706713780918655
31770.6,222.3,0.0711743772242214
31772.4,222.4,0.071684587813635
31773.4,222.5,0.0722021660649895
31775.3,222.6,0.0729927007299425
31776.7,222.7,0.0732600732600655
31778,222.8,0.0724637681159268
31779.5,222.9,0.0735294117647138
31780.7,223,0.0735294117646744
31782.2,223.1,0.0738007380073642
31783.5,223.2,0.0732600732600655
31785,223.3,0.0738007380073642
31786.4,223.4,0.0754716981132075
31787.5,223.5,0.0746268656716337
31788.7,223.6,0.0735294117646744
31790,223.7,0.0729927007299037
31791.5,223.8,0.0740740740740741
31792.8,223.9,0.0738007380073642
31793.8,224,0.0732600732600655
31796,224.1,0.0757575757575507
31797.3,224.2,0.0757575757575925
31798.7,224.3,0.0760456273764174
31800.3,224.4,0.0772200772200946
31801.1,224.5,0.0760456273764174
31802.7,224.6,0.0769230769230769
31804,224.7,0.0775193798449525
31805.6,224.8,0.0781250000000266
31806.7,224.9,0.0784313725490196
31807.9,225,0.078740157480333
31809.3,225.1,0.0790513833992004
31810.8,225.2,0.0793650793650885
31812.1,225.3,0.0796812749004261
31812.9,225.4,0.0784313725490196
31814.3,225.5,0.078740157480333
31815.9,225.6,0.080321285140581
31817.4,225.7,0.0816326530612245
31818.5,225.8,0.0806451612903131
31819.9,225.9,0.0816326530612245
31821.1,226,0.0816326530612245
31822.4,226.1,0.0813008130081589
31823.7,226.2,0.0823045267489613
31825,226.3,0.0826446280991835
31826.2,226.4,0.0823045267489613
31827.4,226.5,0.0823045267490106
31828.7,226.6,0.0819672131147248
31829.8,226.7,0.0819672131147736
31831.2,226.8,0.0819672131147248
31832.2,226.9,0.0823045267489613
31833.3,227,0.0806451612903131
31834.6,227.1,0.0816326530612245
31836,227.2,0.0816326530612245
31837.2,227.3,0.0809716599189902
31838.4,227.4,0.0819672131147736
31839.7,227.5,0.0806451612903131
31840.8,227.6,0.0813008130081108
31841.9,227.7,0.080321285140581
31843.3,227.8,0.08
31844.4,227.9,0.08
31845.6,228,0.0796812749004261
31847,228.1,0.08
31848,228.2,0.0790513833992004
31849.2,228.3,0.0796812749003799
31850.5,228.4,0.0793650793650885
31851.7,228.5,0.0769230769230769
31853.1,228.6,0.0775193798449525
31854.2,228.7,0.0778210116731165
31855.6,228.8,0.0781250000000266
31856.5,228.9,0.0769230769230769
31858.1,229,0.0781250000000266
31859.1,229.1,0.0775193798449525
31860.5,229.2,0.0781249999999822
31861.9,229.3,0.0790513833992459
31862.8,229.4,0.0778210116731606
31864.5,229.5,0.0784313725490196
31865.4,229.6,0.0775193798449962
31866.8,229.7,0.0784313725490196
31868.3,229.8,0.0793650793650885
31869.4,229.9,0.0790513833992459
31870.7,230,0.0787401574802879
31872,230.1,0.0796812749003799
31873.3,230.2,0.08
31874.3,230.3,0.0790513833992004
31875.7,230.4,0.08
31877.7,230.5,0.0829875518671999
31878.9,230.6,0.0826446280991835
31879.9,230.7,0.0826446280991835
31881.2,230.8,0.0826446280991338
31882.5,230.9,0.0843881856540188
31883.7,231,0.0829875518671999
31884.9,231.1,0.0843881856540188
31886.1,231.2,0.0854700854701067
31887.2,231.3,0.0847457627118435
31888.5,231.4,0.0865800865800648
31890,231.5,0.0873362445414514
31891.2,231.6,0.0877192982456028
31892.3,231.7,0.088105726872258
31893.5,231.8,0.0892857142856795
31894.7,231.9,0.0888888888888889
31896.1,232,0.0904977375565968
31897.1,232.1,0.0904977375565968
31898.3,232.2,0.0909090909090909
31899.6,232.3,0.0917431192660428
31900.7,232.4,0.0930232558139535
31901.8,232.5,0.0925925925925676
31903.1,232.6,0.0943396226415224
31904.1,232.7,0.0947867298578591
31905.4,232.8,0.0952380952380952
31906.2,232.9,0.0947867298577938
31907.8,233,0.0970873786407493
31908.6,233.1,0.0970873786408178
31909.5,233.2,0.0966183574879363
31910.8,233.3,0.0956937799043329
31911.6,233.4,0.0938967136150106
31912.9,233.5,0.0952380952380952
31914,233.6,0.0952380952380952
31915,233.7,0.0952380952380952
31915.9,233.8,0.0947867298578591
31917.2,233.9,0.0961538461538327
31918.2,234,0.0961538461538327
31919.2,234.1,0.0961538461538327
31920.3,234.2,0.0956937799043329
31921.4,234.3,0.0956937799043329
31922.2,234.4,0.0947867298577938
31923.4,234.5,0.0956937799043329
31924.3,234.6,0.0947867298577938
31925.2,234.7,0.0938967136150106
31926.4,234.8,0.0938967136150748
31927.3,234.9,0.0925925925925676
31928.4,235,0.0930232558139535
31929.2,235.1,0.0900900900900428
31930.2,235.2,0.0892857142856795
31931.7,235.3,0.0900900900900428
31932.9,235.4,0.0892857142857375
31933.9,235.5,0.0896860986547553
31935,235.6,0.0884955752212161
31936,235.7,0.0877192982456028
31937,235.8,0.086206896551735
31938,235.9,0.086206896551735
31939,236,0.086206896551735
31940,236.1,0.0847457627118435
31941.2,236.2,0.0851063829787234
31942.3,236.3,0.0843881856540188
31943.3,236.4,0.0847457627118435
31944.3,236.5,0.0836820083682212
31945.4,236.6,0.0833333333333333
31946.5,236.7,0.0833333333333333
31947.7,236.8,0.0829875518671999
31948.9,236.9,0.0843881856540188
31949.9,237,0.08298755186725
31951.4,237.1,0.0836820083682212
31952.6,237.2,0.08298755186725
31953.9,237.3,0.0847457627118958
31955.3,237.4,0.0847457627118435
31956.2,237.5,0.0840336134453679
31957.6,237.6,0.0843881856540188
31958.8,237.7,0.0865800865800648
31960.2,237.8,0.0884955752212161
31961.2,237.9,0.0900900900900428
31962.2,238,0.0900900900900428
31963.6,238.1,0.0917431192660428
31964.7,238.2,0.0917431192660428
31966,238.3,0.0943396226415224
31966.9,238.4,0.0947867298578591
31968.2,238.5,0.0956937799042662
31969.4,238.6,0.0970873786408178
31970.5,238.7,0.0975609756097561
31971.8,238.8,0.101010101010086
31972.6,238.9,0.0985221674876706
31974,239,0.1020408163265
31975.3,239.1,0.104712041884785
31976.7,239.2,0.106951871657687
31977.5,239.3,0.108108108108108
31978.9,239.4,0.114285714285714
31980,239.5,0.113636363636326
31981.3,239.6,0.116959064327446
31981.9,239.7,0.115606936416263
31982.8,239.8,0.116959064327446
31983.4,239.9,0.112994350282504
31984.4,240,0.114285714285714
31985.4,240.1,0.114285714285714
31986.5,240.2,0.120481927710801
31987.2,240.3,0.115606936416166
31988,240.4,0.116959064327446
31989.1,240.5,0.114942528735671
31990,240.6,0.120481927710801
31991,240.7,0.121212121212121
31991.6,240.8,0.120481927710907
31992.9,240.9,0.121212121212121
31993.6,241,0.121951219512238
31994.4,241.1,0.119760479041937
31995.4,241.2,0.121212121212121
31996,241.3,0.115606936416166
31996.4,241.4,0.11363636363642
31997.6,241.5,0.116959064327545
31998.4,241.6,0.115606936416263
31999.2,241.7,0.115606936416166
31999.9,241.8,0.115606936416263
32001.1,241.9,0.117647058823529
32001.9,242,0.118343195266313
32002.9,242.1,0.119047619047702
32003.1,242.2,0.116279069767462
32004.5,242.3,0.122699386503046
32005.1,242.4,0.119047619047598
32006.5,242.5,0.125
32006.6,242.6,0.120481927710907
32007.5,242.7,0.12195121951213
32008.2,242.8,0.120481927710801
32009.4,242.9,0.123456790123479
32010,243,0.123456790123479
32011.1,243.1,0.125
32011.9,243.2,0.126582278481106
32013.3,243.3,0.129870129870179
32014,243.4,0.130718954248341
32014.7,243.5,0.130718954248341
32015.7,243.6,0.134228187919384
32016.5,243.7,0.134228187919384
32017.2,243.8,0.133333333333333
32018.1,243.9,0.135135135135109
32018.8,244,0.134228187919516
32019.7,244.1,0.135135135135109
32020.3,244.2,0.135135135135109
32020.8,244.3,0.133333333333333
32021.9,244.4,0.136054421768734
32022.5,244.5,0.130718954248341
32023.2,244.6,0.129870129870056
32023.9,244.7,0.129870129870179
32024.8,244.8,0.130718954248341
32025.6,244.9,0.131578947368446
32026.2,245,0.130718954248341
32027.1,245.1,0.131578947368446
32027.7,245.2,0.13157894736832
32028.7,245.3,0.133333333333333
32029.3,245.4,0.131578947368446
32030,245.5,0.132450331125777
32030.6,245.6,0.131578947368446
32031.4,245.7,0.132450331125904
32032.2,245.8,0.133333333333333
32032.9,245.9,0.133333333333333
32033.7,246,0.134228187919384
32034.5,246.1,0.136054421768734
32035.1,246.2,0.135135135135109
32035.8,246.3,0.135135135135109
32036.6,246.4,0.135135135135109
32037.8,246.5,0.143884892086391
32038.6,246.6,0.142857142857143
32039.3,246.7,0.143884892086391
32040.1,246.8,0.148148148148148
32040.8,246.9,0.144927536231854
32041.5,247,0.145985401459885
32042.3,247.1,0.148148148148148
32042.9,247.2,0.147058823529506
32043.7,247.3,0.149253731343186
32044.5,247.4,0.151515151515185
32045.1,247.5,0.151515151515185
32045.8,247.6,0.153846153846154
32046.5,247.7,0.149253731343186
32047.2,247.8,0.150375939849591
32047.9,247.9,0.151515151515185
32048.6,248,0.155038759689992
32049.2,248.1,0.155038759689818
32049.9,248.2,0.156250000000142
32050.6,248.3,0.156249999999964
32051.4,248.4,0.158730158730269
32051.7,248.5,0.158730158730085
32052.6,248.6,0.161290322580721
32053.2,248.7,0.163934426229352
32053.6,248.8,0.158730158730269
32054.6,248.9,0.165289256198466
32055.2,249,0.166666666666667
32055.8,249.1,0.170940170940213
32056.5,249.2,0.170940170940213
32057.1,249.3,0.172413793103578
32057.7,249.4,0.172413793103362
32058.3,249.5,0.175438596491318
32058.8,249.6,0.172413793103362
32059.9,249.7,0.181818181818182
32060.5,249.8,0.185185185185135
32061.1,249.9,0.185185185185135
32061.5,250,0.183486238531963
32062.1,250.1,0.185185185185135
32062.7,250.2,0.186915887850264
32063.4,250.3,0.19047619047619
32064,250.4,0.192307692307531
32064.3,250.5,0.186915887850518
32065,250.6,0.194174757281499
32065.4,250.7,0.19047619047619
32066.2,250.8,0.196078431372325
32066.7,250.9,0.19047619047619
32067.2,251,0.19047619047619
32067.5,251.1,0.186915887850518
32068.2,251.2,0.188679245282915
32068.7,251.3,0.19047619047619
32069.3,251.4,0.1923076923078
32069.7,251.5,0.19047619047619
32070.4,251.6,0.196078431372605
32070.9,251.7,0.196078431372605
32071.3,251.8,0.1923076923078
32071.9,251.9,0.196078431372605
32072.4,252,0.194174757281773
32072.9,252.1,0.196078431372605
32073.4,252.2,0.196078431372605
32073.9,252.3,0.198019801980369
32074.4,252.4,0.198019801980369
32075,252.5,0.2
32075.3,252.6,0.196078431372605
32075.9,252.7,0.198019801980369
32076.4,252.8,0.198019801980369
32077.2,252.9,0.204081632653001
32077.7,253,0.206185567010062
32078.2,253.1,0.206185567010062
32078.8,253.2,0.208333333333207
32079.2,253.3,0.206185567010062
32079.7,253.4,0.208333333333207
32080.2,253.5,0.208333333333207
32080.6,253.6,0.208333333333523
32081.1,253.7,0.206185567010371
32081.7,253.8,0.208333333333207
32082.1,253.9,0.208333333333523
32082.7,254,0.210526315789474
32083.1,254.1,0.204081632653001
32083.6,254.2,0.206185567010371
32084,254.3,0.204081632653001
32084.5,254.4,0.202020202020024
32085,254.5,0.202020202020024
32085.5,254.6,0.2
32086,254.7,0.202020202020024
32086.5,254.8,0.202020202020024
32087,254.9,0.204081632653001
32087.4,255,0.202020202020321
32087.9,255.1,0.204081632653304
32088.4,255.2,0.204081632653304
32088.9,255.3,0.206185567010371
32089.3,255.4,0.206185567010371
32089.8,255.5,0.208333333333207
32090.2,255.6,0.204081632653001
32090.8,255.7,0.204081632653001
32091.3,255.8,0.206185567010371
32091.7,255.9,0.204081632653001
32092.2,256,0.206185567010062
32092.9,256.1,0.210526315789474
32093.3,256.2,0.210526315789474
32093.8,256.3,0.21276595744694
32094.4,256.4,0.215053763441129
32094.9,256.5,0.217391304347895
32095.5,256.6,0.222222222222222
32095.9,256.7,0.222222222222222
32096.4,256.8,0.222222222222222
32096.8,256.9,0.224719101123742
32097.3,257,0.227272727272652
32097.7,257.1,0.227272727272652
32098.2,257.2,0.235294117647059
32098.6,257.3,0.235294117647059
32099,257.4,0.235294117647059
32099.4,257.5,0.23255813953512
32100,257.6,0.240963855421602
32100.6,257.7,0.243902439024477
32101,257.8,0.246913580246736
32101.5,257.9,0.246913580246736
32101.9,258,0.25
32102.4,258.1,0.25
32102.8,258.2,0.253164556962212
32103.2,258.3,0.253164556961746
32103.7,258.4,0.256410256410161
32104.1,258.5,0.259740259740358
32104.5,258.6,0.253164556961746
32104.9,258.7,0.253164556962212
32105.4,258.8,0.256410256410639
32105.7,258.9,0.25
32106.1,259,0.24691358024718
32106.5,259.1,0.25
32106.7,259.2,0.246913580246736
32107.1,259.3,0.243902439024477
32107.5,259.4,0.243902439024477
32108,259.5,0.246913580246736
32108.3,259.6,0.243902439024477
32108.8,259.7,0.25
32109.1,259.8,0.24691358024718
32109.6,259.9,0.25
32109.9,260,0.24691358024718
32110.4,260.1,0.253164556962212
32110.7,260.2,0.246913580246736
32111.1,260.3,0.25
32111.5,260.4,0.253164556961746
32111.8,260.5,0.246913580246736
32112.4,260.6,0.253164556962212
32112.8,260.7,0.253164556962212
32113.2,260.8,0.256410256410161
32113.7,260.9,0.263157894736641
32114.2,261,0.263157894736641
32114.5,261.1,0.263157894736641
32114.8,261.2,0.263157894736641
32115.3,261.3,0.270270270270483
32115.7,261.4,0.270270270269951
32116.1,261.5,0.273972602739617
32116.5,261.6,0.27777777777789
32116.8,261.7,0.273972602739617
32117.2,261.8,0.277777777777329
32117.6,261.9,0.281690140845417
32118,262,0.285714285714286
32118.3,262.1,0.27777777777789
32118.8,262.2,0.285714285714286
32119.1,262.3,0.281690140845417
32119.4,262.4,0.281690140845417
32119.9,262.5,0.294117647059327
32120.3,262.6,0.294117647058698
32120.7,262.7,0.298507462686048
32121,262.8,0.298507462686697
32121.3,262.9,0.298507462686697
32121.8,263,0.307692307692308
32122.1,263.1,0.307692307692308
32122.4,263.2,0.312500000000284
32122.7,263.3,0.312499999999574
32123.1,263.4,0.317460317460171
32123.4,263.5,0.322580645161442
32123.7,263.6,0.317460317460171
32124.1,263.7,0.327868852459486
32124.4,263.8,0.327868852459486
32124.7,263.9,0.333333333333333
32125,264,0.333333333333333
32125.5,264.1,0.350877192982635
32125.8,264.2,0.350877192982635
32126.2,264.3,0.363636363636364
32126.5,264.4,0.363636363636364
32126.7,264.5,0.357142857142486
32127.1,264.6,0.37037037037077
32127.4,264.7,0.37037037037077
32127.7,264.8,0.377358490565831
32128,264.9,0.3846153846156
32128.3,265,0.3846153846156
32128.6,265.1,0.3846153846156
32128.8,265.2,0.3846153846156
32129.1,265.3,0.377358490565831
32129.4,265.4,0.3846153846156
32129.6,265.5,0.377358490565831
32130,265.6,0.39215686274465
32130.2,265.7,0.39215686274465
32130.5,265.8,0.39215686274465
32130.7,265.9,0.39215686274465
32131,266,0.39215686274465
32131.2,266.1,0.39215686274465
32131.5,266.2,0.4
32131.7,266.3,0.39215686274465
32132,266.4,0.408163265305395
32132.3,266.5,0.416666666666414
32132.5,266.6,0.408163265305395
32132.8,266.7,0.416666666666414
32133,266.8,0.416666666666414
32133.2,266.9,0.408163265305395
32133.5,267,0.408163265305395
32133.8,267.1,0.425531914893881
32134,267.2,0.425531914893881
32134.4,267.3,0.434782608696477
32134.6,267.4,0.434782608696477
32134.9,267.5,0.444444444444444
32135.1,267.6,0.444444444444444
32135.3,267.7,0.444444444444444
32135.6,267.8,0.454545454546056
32135.8,267.9,0.454545454546056
32136.1,268,0.465116279069453
32136.3,268.1,0.465116279069453
32136.5,268.2,0.465116279069453
32136.8,268.3,0.476190476190806
32136.9,268.4,0.465116279071027
32137.1,268.5,0.454545454546056
32137.4,268.6,0.465116279071027
32137.6,268.7,0.465116279069453
32137.8,268.8,0.476190476190806
32138.1,268.9,0.476190476190806
32138.4,269,0.5
32138.5,269.1,0.487804878048088
32138.7,269.2,0.487804878048088
32139,269.3,0.5
32139.2,269.4,0.5
32139.4,269.5,0.512820512821278
32139.6,269.6,0.512820512821278
32139.8,269.7,0.512820512821278
32140,269.8,0.526315789473281
32140.2,269.9,0.512820512819365
32140.4,270,0.526315789475297
32140.6,270.1,0.512820512821278
32140.8,270.2,0.526315789473281
32141,270.3,0.526315789473281
32141.2,270.4,0.54054054053884
32141.5,270.5,0.555555555554657
32141.7,270.6,0.571428571428571
32141.9,270.7,0.571428571428571
32142,270.8,0.555555555554657
32142.3,270.9,0.588235294118654
32142.4,271,0.588235294118654
32142.6,271.1,0.588235294118654
32142.8,271.2,0.588235294118654
32143,271.3,0.606060606060072
32143.2,271.4,0.606060606060072
32143.3,271.5,0.606060606060072
32143.5,271.6,0.625000000000568
32143.7,271.7,0.624999999997726
32143.8,271.8,0.625000000000568
32144.1,271.9,0.645161290324398
32144.2,272,0.6349206350318
32144.5,272.1,0.689655172411717
32144.6,272.2,0.666666666666667
32144.8,272.3,0.689655172415177
32144.9,272.4,0.666666666666667
32145.1,272.5,0.689655172415177
32145.2,272.6,0.666666666666667
32145.4,272.7,0.689655172415177
32145.6,272.8,0.714285714284972
32145.7,272.9,0.714285714284972
32145.8,273,0.689655172415177
32146,273.1,0.714285714284972
32146.2,273.2,0.740740740737547
32146.3,273.3,0.714285714284972
32146.5,273.4,0.740740740741539
32146.6,273.5,0.714285714284972
32146.7,273.6,0.714285714284972
32146.9,273.7,0.740740740741539
32147,273.8,0.740740740741539
32147.2,273.9,0.740740740737547
32147.3499999994,274,0.754716980974175
32147.4,274.1,0.740740740741539
32147.6,274.2,0.740740740741539
32147.7,274.3,0.740740740737547
32147.9,274.4,0.790572168758676
32148,274.5,0.8
32148.2,274.6,0.8
32148.3,274.7,0.8
32148.4,274.8,0.8
32148.5,274.9,0.769230769229047
32148.7,275,0.8
32148.8,275.1,0.769230769229047
32148.9,275.2,0.769230769233352
32149.1,275.3,0.8
32149.2,275.4,0.8
32149.4,275.5,0.833333333335354
32149.5,275.6,0.8
32149.6,275.7,0.8
32149.7,275.8,0.8
32149.9,275.9,0.833333333335354
32150,276,0.833333333330302
32150.1,276.1,0.833333333335354
32150.3,276.2,0.869565217390204
32150.4,276.3,0.869565217395706
32150.4298133163,276.4,0.809655405065126
32150.5,276.5,0.8
32150.7,276.6,0.833333333330302
32150.8,276.7,0.833333333335354
32150.9,276.8,0.833333333335354
32151.1,276.9,0.869565217390204
32151.2,277,0.869565217390204
32151.4,277.1,0.909090909092112
32151.5,277.2,0.909090909092112
32151.6,277.3,0.909090909092112
32151.7,277.4,0.909090909086099
32151.8,277.5,0.909090909092112
32152,277.6,0.952380952378313
32152.1,277.7,0.952380952384912
32152.2,277.8,0.952380952378313
32152.3,277.9,0.952380952378313
32152.4,278,0.952380952384912
32152.5,278.1,0.909090909092112
32152.6,278.2,0.930232231703909
32152.7,278.3,0.952380952378313
32152.9,278.4,1
32153,278.5,1
32153.1,278.6,1
32153.2,278.7,1
32153.3,278.8,1
32153.4,278.9,1
32153.5,279,1
32153.6,279.1,1.02564102564256
32153.7,279.2,1.05263157894253
32153.8,279.3,1.05263157895059
32153.9,279.4,1.05263157895059
32154,279.5,1.05263157894253
32154.1,279.6,1.05263157895059
32154.2,279.7,1.05263157894253
32154.3,279.8,1.05263157895059
32154.4,279.9,1.05263157895059
32154.5,280,1.05263157894253
32154.7,280.1,1.11111111110931
32154.7500007545,280.2,1.11111157683817
32154.8,280.3,1.11111111110931
32154.9,280.4,1.1111111111183
32155,280.5,1.11111111110931
32155.1,280.6,1.11111111110931
32155.2,280.7,1.14285714285239
32155.3,280.8,1.17647058823731
32155.4,280.9,1.17647058823731
32155.5,281,1.17647058823731
32155.55,281.1,1.14285714285714
32155.6,281.2,1.11111111110931
32155.7,281.3,1.11111111110931
32155.8,281.4,1.11111111110931
32155.9,281.5,1.14285714286189
32156,281.6,1.17647058823731
32156.1,281.7,1.17647058823731
32156.2,281.8,1.17647058822724
32156.3,281.9,1.17647058823731
32156.4,282,1.17647058823731
32156.5,282.1,1.21212121212014
32156.55,282.2,1.21212121212549
32156.6,282.3,1.17647058823731
32156.7,282.4,1.17647058822724
32156.8,282.5,1.21212121212014
32156.9,282.6,1.25000000000682
32156.95,282.7,1.21212121212014
32157,282.8,1.17647058823731
32157.1,282.9,1.17647058823731
32157.2,283,1.22713440859489
32157.3,283.1,1.24999999999545
32157.4,283.2,1.19747138303574
32157.5,283.3,1.24999999999545
32157.6,283.4,1.25000000000682
32157.65,283.5,1.25000000000114
32157.7,283.6,1.24999999999545
32157.8,283.7,1.24999999999545
32157.9,283.8,1.25000000000682
32158,283.9,1.29032258064274
32158.1,284,1.33333333333333
32158.15,284.1,1.2903225806488
32158.2,284.2,1.24999999999545
32158.3,284.3,1.24999999999545
32158.4,284.4,1.25000000000682
32158.45,284.5,1.25000000000114
32158.5,284.6,1.24999999999545
32158.6,284.7,1.25000000000682
32158.7,284.8,1.24999999999545
32158.8,284.9,1.29032258064274
32158.8298133163,285,1.27373389465627
32158.9,285.1,1.25000000000682
32159.0701860507,285.2,1.30734851833115
32159.1,285.3,1.2903225806488
32159.2,285.4,1.33333333333333
32159.25,285.5,1.29032258064274
32159.3,285.6,1.24999999999545
32159.4,285.7,1.2903225806488
32159.5,285.8,1.33333333333333
32159.55,285.9,1.29032258064274
32159.6,286,1.25000000000682
32159.7,286.1,1.24999999999545
32159.8,286.2,1.29032258064274
32159.9,286.3,1.33333333333333
32160,286.4,1.33333333333333
32160.05,286.5,1.33333333333333
32160.1,286.6,1.33333333333333
32160.2,286.7,1.33333333333333
32160.3,286.8,1.37931034483035
32160.35,286.9,1.37931034483035
32160.4,287,1.33333333333333
32160.5,287.1,1.37931034482343
32160.6,287.2,1.42857142857737
32160.65,287.3,1.37931034482343
32160.7,287.4,1.33333333333333
32160.8,287.5,1.37931034483035
32160.9,287.6,1.42857142857737
32160.95,287.7,1.37931034482343
32161,287.8,1.33333333333333
32161.1,287.9,1.33333333333333
32161.2,288,1.37931034482343
32161.3,288.1,1.42857142857737
32161.35,288.2,1.37931034483035
32161.4,288.3,1.37931034483035
32161.5,288.4,1.42857142856252
32161.55,288.5,1.37931034483035
32161.6,288.6,1.33333333333333
32161.7,288.7,1.37931034482343
32161.75,288.8,1.37931034483035
32161.8,288.9,1.33333333333333
32161.9,289,1.37931034483035
32161.95,289.1,1.37931034482343
32162,289.2,1.33333333333333
32162.1,289.3,1.33333333333333
32162.2,289.4,1.37931034482343
32162.25,289.5,1.37931034483035
32162.3,289.6,1.33333333333333
32162.4,289.7,1.37931034483035
32162.5,289.8,1.42857142856252
32162.6,289.9,1.42857142857737
32162.65,290,1.37931034482343
32162.7,290.1,1.37931034482343
32162.8,290.2,1.42857142857737
32162.85,290.3,1.37931034483035
32162.9,290.4,1.37931034483035
32163,290.5,1.42857142856252
32163.1,290.6,1.42857142857737
32163.15,290.7,1.42857142856994
32163.2,290.8,1.42857142856252
32163.3,290.9,1.42857142857737
32163.35,291,1.42857142857737
32163.4,291.1,1.42857142857737
32163.5,291.2,1.42857142856252
32163.6,291.3,1.42857142857737
32163.65,291.4,1.42857142856994
32163.7,291.5,1.42857142856252
32163.8,291.6,1.42857142857737
32163.85,291.7,1.42857142857737
32163.9,291.8,1.42857142857737
32164,291.9,1.42857142856252
32164.1,292,1.48148148148308
32164.15,292.1,1.48148148148308
32164.2,292.2,1.42857142856252
32164.3,292.3,1.50397050136474
32164.35,292.4,1.48148148149106
32164.4,292.5,1.36037204210345
32164.5,292.6,1.42857142856252
32164.55,292.7,1.37931034483035
32164.6,292.8,1.37931034483035
32164.7,292.9,1.42857142856252
32164.75,293,1.37931034483035
32164.8,293.1,1.37931034483035
32164.9,293.2,1.42857142857737
32165,293.3,1.42857142856252
32165.05,293.4,1.37931034483035
32165.1,293.5,1.37931034483035
32165.2,293.6,1.42857142856252
32165.25,293.7,1.37931034483035
32165.3,293.8,1.33333333333333
32165.4,293.9,1.37931034483035
32165.45,294,1.37931034482343
32165.5,294.1,1.33333333333333
32165.6,294.2,1.37931034483035
32165.6298133163,294.3,1.36037145631669
32165.7,294.4,1.33333333333333
32165.8701860507,294.5,1.39878338781263
32165.9,294.6,1.37931034483035
32166,294.7,1.42857142856252
32166.05,294.8,1.37931034483035
32166.1,294.9,1.37931034483035
32166.2,295,1.42857142856252
32166.25,295.1,1.37931034483035
32166.3,295.2,1.37931034483035
32166.4,295.3,1.42857142857737
32166.5,295.4,1.42857142856252
32166.55,295.5,1.37931034483035
32166.6,295.6,1.37931034483035
32166.7,295.7,1.42857142856252
32166.8,295.8,1.42857142857737
32166.85,295.9,1.42857142857737
32166.9,296,1.42857142857737
32167,296.1,1.42857142856252
32167.05,296.2,1.37931034483035
32167.1,296.3,1.39878400714029
32167.2,296.4,1.42857142856252
32167.3,296.5,1.36037204210345
32167.35,296.6,1.37931034483035
32167.4,296.7,1.33333333333333
32167.5,296.8,1.33333333333333
32167.55,296.9,1.33333333333333
32167.6,297,1.33333333333333
32167.7,297.1,1.33333333333333
32167.75,297.2,1.29032258064274
32167.8,297.3,1.24999999999545
32167.9,297.4,1.25000000000682
32168,297.5,1.29032258064274
32168.05,297.6,1.29032258064274
32168.1,297.7,1.25000000000682
32168.2,297.8,1.24999999999545
32168.25,297.9,1.2121212121148
32168.3,298,1.21212121212014
32168.4,298.1,1.25000000000682
32168.5,298.2,1.24999999999545
32168.5298133163,298.3,1.19747092914693
32168.6,298.4,1.21212121212549
32168.7701860507,298.5,1.30734851833115
32168.8,298.6,1.24999999999545
32168.9,298.7,1.25000000000682
32169,298.8,1.24999999999545
32169.05,298.9,1.21212121212549
32169.1,299,1.17647058823731
32169.2,299.1,1.2121212121148
32169.3,299.2,1.24999999999545
32169.4,299.3,1.25000000000682
32169.5,299.4,1.24999999999545
32169.55,299.5,1.21212121212549
32169.6,299.6,1.17647058823731
32169.7,299.7,1.2121212121148
32169.8,299.8,1.24999999999545
32169.9,299.9,1.25000000000682
32169.95,300,1.21212121212014
32170,300.1,1.17647058823731
32170.1,300.2,1.17647058823731
32170.2,300.3,1.17647058822724
32170.25,300.4,1.14285714285714
32170.3,300.5,1.15619412868485
32170.4,300.6,1.17647058823731
32170.5,300.7,1.11111111110931
32170.6,300.8,1.11111111110931
32170.7,300.9,1.14285714285239
32170.8,301,1.17647058823731
32170.85,301.1,1.14285714285714
32170.9,301.2,1.1111111111183
32171,301.3,1.11111111110931
32171.1,301.4,1.11111111110931
32171.2,301.5,1.11111111110931
32171.3,301.6,1.11111111110931
32171.35,301.7,1.08108108108618
32171.4,301.8,1.05263157895059
32171.5,301.9,1.0930076758121
32171.6,302,1.11111111110931
32171.7,302.1,1.05263157894253
32171.8,302.2,1.05263157895059
32171.9,302.3,1.05263157895059
32172,302.4,1.05263157894253
32172.0298133163,302.5,1.01513222910598
32172.1,302.6,1.03636967531229
32172.3,302.7,1.11111111110931
32172.4,302.8,1.05263157895059
32172.45,302.9,1.02564102563873
32172.5,303,1.02564102563873
32172.6,303.1,1.05263157895059
32172.7,303.2,1.05263157894253
32172.8,303.3,1
32172.9,303.4,1
32173,303.5,1
32173.1,303.6,1
32173.2,303.7,1
32173.3,303.8,1
32173.3298133163,303.9,0.966096447108879
32173.4,304,0.952380952384912
32173.6,304.1,1
32173.7,304.2,1
32173.8,304.3,0.952380952378313
32173.9,304.4,0.952380952384912
32174,304.5,0.952380952378313
32174.0298133163,304.6,0.92157970326039
32174.1,304.7,0.909090909092112
32174.3,304.8,0.952380952378313
32174.4,304.9,0.952380952384912
32174.45,305,0.930232558138905
32174.5,305.1,0.869565217390204
32174.6,305.2,0.869565217390204
32174.8,305.3,0.909090909092112
32174.9,305.4,0.869565217395706
32175,305.5,0.896935769770662
32175.1,305.6,0.909090909092112
32175.2,305.7,0.869565217390204
32175.3,305.8,0.869565217390204
32175.4,305.9,0.869565217395706
32175.5,306,0.869565217390204
32175.6,306.1,0.833333333335354
32175.7,306.2,0.833333333330302
32175.9,306.3,0.869565217395706
32176,306.4,0.869565217390204
32176.1,306.5,0.833333333335354
32176.2,306.6,0.833333333330302
32176.3,306.7,0.833333333335354
32176.4,306.8,0.833333333335354
32176.5,306.9,0.8
32176.6,307,0.8
32176.8,307.1,0.833333333335354
32176.9,307.2,0.8
32177,307.3,0.8
32177.2,307.4,0.833333333330302
32177.2298140708,307.5,0.77815382040742
32177.3,307.6,0.769230769229047
32177.5,307.7,0.769230769229047
32177.6,307.8,0.740740740741539
32177.7,307.9,0.740740740737547
32177.8,308,0.740740740741539
32178,308.1,0.769230769229047
32178.1,308.2,0.740740740741539
32178.2,308.3,0.714285714284972
32178.3,308.4,0.714285714284972
32178.5,308.5,0.714285714284972
32178.6,308.6,0.689655172415177
32178.7,308.7,0.689655172411717
32178.8,308.8,0.67796610182434
32179,308.9,0.714285714284972
32179.1,309,0.689655172415177
32179.2,309.1,0.689655172411717
32179.4,309.2,0.689655172415177
32179.5,309.3,0.666666666666667
32179.6,309.4,0.645161290324398
32179.8,309.5,0.666666666666667
32179.9,309.6,0.645161290324398
32180.1,309.7,0.645161290324398
32180.3,309.8,0.666666666666667
32180.4,309.9,0.645161290324398
32180.5,310,0.645161290321369
32180.6,310.1,0.606060606060072
32180.8,310.2,0.606060606060072
32181,310.3,0.625000000000568
32181.1,310.4,0.606060606060072
32181.3,310.5,0.606060606060072
32181.5,310.6,0.625000000000568
32181.6,310.7,0.606060606060072
32181.7499999994,310.8,0.597014925272253
32181.8,310.9,0.571428571428571
32182,311,0.571428571428571
32182.1,311.1,0.571428571428571
32182.3,311.2,0.571428571428571
32182.5,311.3,0.555555555554657
32182.7,311.4,0.571428571428571
32182.8,311.5,0.555555555554657
32183,311.6,0.555555555554657
32183.2,311.7,0.555555555554657
32183.3,311.8,0.540540540540966
32183.5,311.9,0.540540540540966
32183.6,312,0.512820512821278
32183.9,312.1,0.526315789475297
32184.1,312.2,0.526315789473281
32184.2,312.3,0.5
32184.4,312.4,0.5
32184.6,312.5,0.487804878049819
32184.7,312.6,0.465116279069453
32184.9,312.7,0.454545454546056
32185.1,312.8,0.454545454546056
32185.3,312.9,0.454545454546056
32185.5,313,0.444444444444444
32185.6,313.1,0.425531914893881
32185.8,313.2,0.416666666666414
32186.1,313.3,0.408163265306607
32186.2,313.4,0.4
32186.4,313.5,0.392156862745769
32186.6,313.6,0.377358490565831
32186.8,313.7,0.37037037037077
32187,313.8,0.363636363636364
32187.2,313.9,0.35087719298174
32187.5,314,0.350877192982635
32187.7,314.1,0.338983050846956
32187.9,314.2,0.333333333333333
32188.2,314.3,0.327868852458704
32188.4,314.4,0.322580645161442
32188.7,314.5,0.312499999999574
32189,314.6,0.307692307692308
32189.3,314.7,0.294117647058698
32189.5,314.8,0.27777777777789
32189.7,314.9,0.256410256410161
32190,315,0.243902439024477
32190.3,315.1,0.235294117647059
32190.6,315.2,0.219780219780431
32191,315.3,0.210526315789474
32191.2,315.4,0.192307692307531
32191.5,315.5,0.181818181818182
32191.9,315.6,0.173913043478261
32192.2,315.7,0.161290322580532
32192.5,315.8,0.149253731343186
32192.9,315.9,0.137931034482759
32193.2,316,0.124223602484427
32193.6,316.1,0.110497237569114
32193.9,316.2,0.111728649033627
32194.3,316.3,0.109863207095122
32194.6,316.4,0.100931348417986
32195.1,316.5,0.0868164705221403
32195.5,316.6,0.069509528572098
32196.1,316.7,0.0535807272890326
32196.7,316.8,0.0404022612931169
32197.5,316.9,0.0304401844403456
32198.2,317,0.0230330357189278
32198.8,317.1,0.017622181321476
32199.7,317.2,0.0137088821882052
32200.5,317.3,0.0108091818774741
32201.6,317.4,0.00865395763327916
32202.5,317.5,0.00701175747232228
32203.4,317.6,0.00575022176593126
32204.6,317.7,0.00477162769081411
32205.9,317.8,0.00399973325298385
32207.4,317.9,0.00338418770021513
32209.3,318,0.00288850764409508
